zxcvbn_guess_number_000webhost
14
34
18100
486
66455163.437854245
227
687
7244
375400000
698
387
140
501
1934300
46900
16110
441
29
265000000
350
1103
224
955
505
3018000
3845
481
4119200
125329659345100
24212
10000001
1256
220
718
97
379
190
1000001
89400
1902000
20200
421
729200
52300
2225
4711600
2202
6387
6686
6869
291
193
1378
30004
87
11100
297
5663
5782
487
10010000
621
2325
15700
1554
4879
2685
38690010000
1000000001
292010000
96800
19681
7078
80300
22300000000
32130000
4818600
6805
11100
144597280000
100010000
59920000000
1010000
1188100
3412443088000
11100
100000001
15100000000
7876
60160000000
20000
20570000
10000001
49650000
92200
368200
1201
100904
20400
3400000000
20400
10010000
30444000
771
21200
314000
2728000000
37600
66716
10000000001
1000000000001
10010000
175800
11826
1010000
563500
841186.6666666665
1010000
1000001
56354
366300
10010000
300100000000
100000001
100000001
1000001
1518000
2123400
27010000
324205000
84810000
150976
61500
4090800
10551
187804
5730000
25915
110000
1010000
760000
3280010000
963610000
1010000
497300
352000000
47800
293800
1010000
1000800
1601
57760
12031
4109
2585
595
279100000000
1000000001
26800
215000
158000
51100000000
227800
4780000000
110000
100000001
100000001
27358
51767000
1195400
2713700
1867800
110790000
37016
19720000000000
20000
30681400
2323
5361
7305
14099
96100
20000
159330520000
17330000
60410000
122967400
46410000
330378800
33828010000
103200
31598560
190400
20000
10966
100000001
250020
1239300
100000001
2182010000
15000
67156
2509600
15000
9563
708700
122100
40988
28400
161800
82950000
327196
116900
254700
469541200
7258
100010000
9344
51100
1726700
5660200
22078
100000001
1541560000
39700
1434000
11848000000
2548400
1000001
187575268
69810000
2859
34552
371174
110000
49300
2702040400
1128600
1010000
44745
15000
14014
15000
36300
86200010000
15000
2495
983
20000
401268
54100
15016
3831
14460
100000001
362472532.7407407
15340000
1470300
6755
414000
835
81700
19200
261614
101020756
24801
286
22740010000
7913
33
10010000
11100
17
110000
1000010000
558010000
119400
332600
85800
32200
67024
371100
17392
54044
3400000000
208000
1269900
88030000
100010000
20648
61900
366500
1150090
11100
11100
1191
596
28900
122010000
15000
11100
9
35564
13333
171700
469200
748000
1010000
9
9
1477
1000001
10010000
33600
1671000
6700000000
110000
70400
57300
23992
1000010000
1000000000001
858340000
1010000
154800
100000001
92400
69500
2354800
36070000
7710
15760
26333800
26333800
1000010000
1000001
15000
100010000
461400
139500
150300
30544000000
100000010000
10000000001
4212800
31200
5016
76946
100000001
60100
60100
33986000
100000001
426100
199800
341012
100000001
100000001
1460000010000
36400000000
25300
108200
15000
3452
21707
4919
1000000001
20000
100000001
1000000001
16138
55600
511400
97836570
20610000
24500
15000
28511
20700
1000001
23382
36200
15000
29290000
16000
20000
20000
20010
590100
475900
9212
75400
7148
1000000001
12619
1000000001
202500
110600
280720000
130000
100010000
702900
11100
5099
1000001
27020000
30200
601404
45900
23400
214371400
2496
16600
23200
23936
91608
10000001
112600
10000010000
100010000
1000001
22452
50700
19720000
199000
74200
1371
686
20000
198500
180100000000
54440
36250000
100010000
65
400000000
13828000000
1010000
1000000001
2024208460
10010000
1010000
100000001
10000001
50113508
115200
10502
30004
13981
32900
100000001
16358
6704496160000
67430000
100010000
100010000
700600
1000000001
15600
879400
15000
15000
13696
34800100000000
4200
10000001
22500
15000
10000000001
21180000
39600
53800
1066700
100000001
73010000
1101800
40300
10000000001
11100
1216600
41800
1000001
312900
292870000
1000000000000000000
15000
4529
75576160000
68586
88600
31600
10000010000
219100000000
100000001
7395760
82810000
101800
43440
283600
1010000
49343400
183100000000
1010000
3520000
177700000
100112
28100
100010000
363848
30040000
1000000000000001
4436400
941600
10118208
90500
130683400
10000001
2857000
2251900
2604883.2
1010000
618400000
110000
10000000001
1130000
21200
23287939000
100000001
533028
72360640000000
2432
1030000
456400000
1000000001
377810000
10000000001
100010000
193360600
19953
11175
1598
15132000
1600000000
4856
10010000
153682
106932
10010000
545600
10010000
172500
283042
1010000
10010000
384800
92456
2093200000
1000001
101739100
1761600
2476
32100
10010000
41300
331800
73000
49000
824020000
10000001
37000010000
17200
15000
110000
11100
128600
5135
810634.6666666665
15000
15000
110000
100010000
18712
103000000
244200010000
11030000
22207840
8415220
2699800
59780000
1010000
30614
20000
100000001
100010000
110000
210000
26290000
71100
555112000
197200
4707810000
4601692
100000001
168801040
1020600
1020600
815875072
1000000001
113510000
42370877440000000
25050
60292
43352
155100
1210000
146800010000
2541
89400
47730000
225367000
181952
4040010000
30200
9270590200
20000
100000001
1000001
348778
736800
6847
220100
4014000
32858
10000001
74450000
1000000001
1349100
415000000
10010000
219800
5486
163186
25223
100000001
13927
57401
1123200
516200
60336
38600
10896
110000
2378600
10000001
785000
4349
40700
15000
13381
15000
5862
162400000
35700
389
1382
269500.00000000006
164528
7506
62800
96400.00000000001
881
15600
5.238000000000001e+23
4822000
13012
19284190
2146800
188900
718500
100010000
1000010000
6313
10010000
36712940
228600
100000001
4000
19191
10458
12452
10010000
256200
607000
53000
23600
100000001
669
2741600010000
19200
25100
24131
20521
5667000
91600
58100
2558600
100000001
634800
31100
81500
5151
153000
78400
100000001
56100
473200
110000
1000001
15000
15000
740000
6166
4403
15000
14274
16000
17200
4373
6136
12901
1908000
2190100000000
15000
15000
7581610000
6910
270436
42350000
6785
13371
715
675
304
266960
494
28744
100000001
315140
257000
18404
952480.391111111
10000000000000000000
10000001
10849
10000000001
474510000
100000001
21900100000000
10504000000000
1000001
46195
10000001
1000001
1470200
740000
571
100000001
100000001
14610000
130000000
100000001
12046
1000001
258930
2557100
10010000
4246000
30200
22983310000
173929900000000
10000001
123400
100000001
142528
25930000.000000004
1354
304
38324000
1000001
15742
45742010000
4584200
15409
9397
506
1908000
242870
19720000
11496
16800
11100
170600
19372
319000000
2780
15000
110000
110000
2607
851
611
12070
6001
26000
33300
30200
110000
2214000
110000
62100
20003
44826
100750000
25000
4923
3513
15000
13157
214500
110000
7157
7726
33400
7813
8376
8888
15000
3485
453
15000
36300
11000
15000
2929
42400
691
7477
20000
9864
15000
32242
11100
1600000000
11100
10010000
20000
11100
7
20000
2376
15000
96400.00000000001
24200
65783000
9026
11100
3435
5020000000
78400
189
10000000001
614800000
226810
11100
9690000
10010000
183100000000
