zxcvbn_guess_number_linkedin
2
3
22802
6
5
30
96
4
10
35
1523
256
58
59
41
28
6
113
45
117
45
91
60
520
1892
90
38
63
17
13
597
71
13
1050
25
14
73
73
25
9
97
188
25
2232
870
10000000001
777
1881
3012
80
11
595
27038
16900
70
42
15060
7830
18
82
179
11520
50
6670
80
33
5995
179
784
508
160
3846
190
5
159
110
2254000
21
52
836
22
31
174758
19
15000
875
9392
61
1853
444
701
241
2290100
511622
24828
1122
4004010000
134
10000001
33
15125
929
27
5707
190
170
13
169
356
15000
1137
1074
474
1445
58800
182
329
95
492
72
191
1146
3397
5893
131
623
46
151
83
270
2003
67
144
59
330
8105
728
8850
703
20744
492
79
494
16463
1847.2666666666667
73
73
687
65
73
264250000
10000001
72944.6595744681
2959200
410400
208781200
315200
100000001
147916000
10000001
1000001
10000001
46730000
51602
10000001
10000001
1000001
10000001
10000001
100000000001
384600
1874
100000001
10000001
1010000
330000
1000001
1000001
2263010000
444000
1000000001
562000000
100000001
830600
1000001
2121
19681
31108000
100010000
5782000
100000001
100000001
100000001
10000001
479985730
13806
4105
618000
10000001
396800
1000001
1470000
100000001
10000000001
73
100000001
740000
56800
175
1030000
1000001
15289749.333333334
3480
1000000001
1000001
910000
100000001
28600
12700000000
15000
21400000000
10010000
190990000
243630000
100000001
802000
34082000
10518772000
10000001
1198
381000
46810000
554824
1000001
60550000
1804001
1481288
19370000
100000001
433600000
10000001
100000001
140000
2604400
35200
127
1000001
15000
38700000
1000000001
2730000
51210000
11628
150800
100000001
194000
20003
153
137450000
1384400
1000001
609000
10000001
55276
1181600
465800
10000001
100000001
2361200
30109
1000001
1600000000
73
10000000001
100000001
1000001
1010000
1000001
174428
183600
100000001
20003
1000001
677000
1000001
100000001
76200
10000001
1000000001
788800000000
18138000
20300
100000001
322000
130000
6769
100000001
1918300000000
100000001
151010000
2124041800
214000010000
2194860
4290000
36752
2050000
155442
110000
6857
383
1271
907
7471915.093333332
100000001
10000001
1000000001
100000001
10000000001
31210000
1000001
3733000
100000001
2565000
1000001
7429
5295
73800
100000001
1303444
187
29600
197
784000
2764000
2754010000
28700
305218
381232
7466000
573610000
17492
1295
207000
1980000
329745340
77410000
1010000
107284
4575
14610000
10000001
20000
9
1090000
612580
82600
3270000
2401
20000
11
100000001
376282
7597
5346
2860
7172760
10000001
36510000
8494
31061896000
481783600
19300
100000001
10583
905600
110000
324300
555800
502474
2844
10000010000
15000
5512000000
5450200
9068
9346000
10000000001
40453792
1046800
102839200
9049
1116
10849684
397920
94390000
10000001
1214
110000
81925000000
24810000
240000
492346.6666666666
2913502
110000
168048
1512052
44100
533400
10000001
10000001
14610000
56001000
58210000
1410000
3614000
10010000
70
553
344656
976400
173600
362800
224412
7922000
167800
11026800
25950
102
110000
20000
311400
3246000
10000001
1017179920000
1768800
10000001
1000001
10000001
1000001
100000001
4609
6113
100000001
1240400
100000001
1000001
10000000001
663760000
1000000001
100000001
1000001
4993210000
1000001
100000001
4030000
4317918400000
1000001
2033424
39900
100000001
2014400
879408
474900
10000000001
23045584
19348
400000000
14860000000
30200
414000
414000
267000
1286
11726
1900604848000
18454000
45448000000
105289900
301788
614
10000000001
182140300
264280600
1398800
1000001
6470
1434
4141800
284
10000001
1000001
26275
100000001
318660
146010000
48194
12486
114
146200000
100000001
100000001
10010000
170800000
7693
1842000
89100
3917
100010000
100000001
4949710
14328000
100010000
1000000001
2006
1998210000
252190000
1000001
146800
6843
649
959188
121254
43200
1670000
386860
39810000
248
177810000
100000000001
1000000001
40410000
1156360
33980
664200
100000001
60010000
524000
35036
237600
10104
67410000
28592
1000001
2209
311600
137800
7257
850000000
950400
100010000
1000000001
48566
360600
49410000
10000001
20000
10000001
1000000001
80370000
4717200
201268
28944
1000000001
294429400
3636
3765200
2267200
100000001
83810000
19048400
1305
194
16045000000
2248200
456200
38549620
493700
2918000010000
775600
12697400
75090000
7656010000
8499
392800
1000000001
100000001
100000001
1000000001
24982
400786
1520000
100000001
3100000000
1307800
100000001
100000001
10000001
32572
254412
100000001
100000001
1000001
221810000
440800
11652
10010000
35600
1705
2917828
100000001
100000001
14135
2830000000
10000000001
100010000
1000001
138200
1010000
435161200
100000001
2377000000
134010000
22219
26060
4361
10010000
1000001
226400
2666000
1010000
233320000
1000001
100000001
1010000
11826
10000001
1000001
10000001
313180000
1000001
58500
980000
114016
210569536
28900
632188
28900
23513
7850000
66010000
1835000
100000001
975400000
28100
156300
48010000
3196000
100010000
6082000
100000001
100000001
254618
452610000
370610000
26410000
58200
242
9658
247996
10010000
5466000
4156800
67495504716.79999
14587000000
471200
720248
240600
10760
1000001
3055400
498000
1791200
22200
114190000
1440000
10000001
867200
21572
100000001
19210000
50410000
504010000
8334
874000000
73
37
27202000
414000
470441728
1979
53934
1966400
79363546000
21410000
96410000
268800
8680000
1000000001
2058000
1025
386000
511
66200
2482400
1279334800
184900
10000001
686200
457000000
2363600
8381
86004000
15650000
3621
4197
29373
1916000
1916000
105300
43505
403294
37799200000
13402
29673
53568
84281200
416752400
1000001
100000001
10000001
22420000000
110000
51800
30828000
21619
1000000001
100000001
10010000
15610000
6262
746000000
4303400
9954
168000
2515300000
360410000
3614000
103800
4748010000
6653
1578
454000
717914800
8034625000000000000
44410000
10889200000
2532
34864
2169
233600
14758
5142
5242
196270.93333333332
54484
254400
1010000
1010000
1010000
363726
16408000000
83010
122588698
2130
16807
17640
569610000
1127600
289400
4185600
100000001
150910
93600
1000001
1000001
33100000000
100000001
10000001
15000
100000001
228319048
8565600
1000001
718300
10000001
2410000
2419
1126
1000001
100000001
19200
28
390138
78642456
338000
1010000
16010000
111400
32810000
88430
10010000
15000
9824
89
106492
12662
1000000001
32000
100000001
141200
740000
40810000
418276
9280
642000
246000
41270000
20000
10345
21
69155600
14610000
387388
43081438
1000000001
1564588
634224100000000
5569
13717
902200
10010000
3833200000
379
110000
100010000
196000
1000010000
12523
110000
1000010000
208000
208000
1010000
2874000
2887
51200
8550000
5698
10000010000
10010000
110000
2867950
146
870000
4835200
1256800
209296000
1010000
138800
2346000
65
110000
108965425600
65000
10000001
50400
28600
10010000
256751000
100000000000001
124000
1882000
30592
72800010000
206992
1825
48800
86424586000
221800
4560210000
19851400
1360
30100000000
100010000
51100000000
882000
5701954250224
23173
21132
20894000
3370000
496840000
592032
100010000
3471
97000
100010000
6308
7064
43892
29866
100300
219010000
110000
100000001
10000001
100280962
242562
63966
10000001
16500
15000
4368000
1000001
1000001
1000001
228001000000000000
100000001
12883
20800
1090
28787
832
39040000000
2711038
15637600000
100000001
33400
456700000000
1130000
122000
27809860
392000
100000001
454200
100000001
11650
25000
6799000
190800
32600
227
860914000
219330
10000001
10000001
10000001
1000000001
2208
10010000
13035
10010000
874610000
1000001
16679
100000001
1000001
100000000001
47460000
11848
100000001
40400
100000000001
1000000001
10000000001
2774010000
100000001
790
37632
161900
28296280000
69950
1936000
964
2036010000
10000001
846800
100010000
100000001
15669076000
10000001
643800
6608000
158280
100000001
4755000
100000001
57344
78332
3107
158324
466
169600
111200
62690000
323400
103859812
1262000010000
100000001
2826800
17524
17524
100000001
67500
336948800
1000001
19038360
44730000
479964
152461000
53500
11928
160010000
2059
200294
11270000
11270000
480668
20400
27
237452
2949986
22386
1232836
12564
6077033200
38350000
3690000
10000000000001
100000001
110000
47
310000
240032
186000
2442210000
178290600
1510000
154188
100010000
94270000000
22183
208400
372384
16473
8755
23800
18281
9141
1010000
100000001
10000010000
1010000
216000
3904410000
18522000
1770000
100000001
1000001
100000001
990098
105900
14011400
122621680000
794000
213400
520530000
26027
63800
24704
16712
16094
11090000
65400
278
3148
5114
7423
100000001
2103200
838576
3203
1392628
43043240
99408
100000001
101881000
10000001
1666800
10000001
126177
1162
274192
116536000
25224
100000001
10090000
10000001
1144800
6921
264778504
69800
207558400
6225
2950000
100000001
10000000001
40338
2771992
50788
72893200
100010000
56410000
245
196010000
21721528
10000000001
154600
1025230
1000001
3136740
531944
19215
112945000
467314
12860
53
1806400
500
1803
3591
3130000
6419400
2761
608000
20400
359
10000000001
10000001
30200
100000001
5130000
100000001
100000001
100000001
32860000
872000
1000000001
1000000001
10010000
14540
872000
7494000
25332
51412000
10000001
514160
100000001
224000
308500000
1179
475000
242500
242500
3327
486010000
18720
6463
1347
1183872
2509
140519500
12415
2070
498
33770000
14678000
376700
27512
1602000
1641
1000000001
93600
85600
590358
995680000
99
51500
32217600
91890000
265194100
6232000
2711000
1000000001
61190000
10000000001
159664000
10000001
100000001
370600
236946832
23160000
1457
43754000
566600
816000
80610000
100000001
4560200010000
6880000
16010000
10000001
420000
395400
5148
29535
206
8964910
19100010000
3577323700
8384
76200
13060000
10716
623816
100000001
388010000
26677
357709600
282160000
370
49414000
1480000000
20242
18894
10480
5758
945
172410000
1014800
512400
264100
2842690
862
64600
82600
131105800
215568
6430000
1010000
12325
11323
107256976
37549
15000
9970000
25972
23052
17854
10000000001
1526600
449279.99999999994
100000001
35810000
25600
17033188
1153
1429
110000
100000001
1000001
242000
21029
100000001
1000001
885
1139
13876992.426666664
631800
3100000000
63614
2252000
10000001
114763000
405538
74130
10000001
278851816
110000
456000
2980400
61150
2500000
653010000
53841
96944
8210000
3341508
4378000
907000
6641
448482
12583
914200000
246700
47994
18260000
1942
104000
2521
8635
6802494400
100000001
328100
39662000
2200000
10000001
58400
868000000
34500
171883312
8892640
1160800
4050000
14831200000
5107383502
40050000
5022
216000
2760
30600
100010000
2003
12485
34000
100000001
238800
81000
144400
45500
1010000
741300
48454
27400
408112
27400
18700
2209360
14610000
100000001
100000001
1000001
9410000
2845
431600
10000000001
186638
16882
1000000001
100000001
48180010000
1000001
1000001
912000
168593800
28881550000
68410000
575610000
3944000
100000001
262709800
24654
100000001
568000000
4901
57600
2038693.3333333333
8804000
9471
11156
1000000001
1000001
1000001
10000001
167910000
236000
100000010000
13230100
116348
888574
118600
1096000
118600
216672160
1000001
16915
42780
100000001
100000001
1000001
35050000
1010000
21900
11918
4062000
1014
83800
1450000
6215964
55960
48300
75400
34800
258000
125
1010000
100010000
2243816
8340000
404338
37200
11980
64296
19000
181922500
37500
2501
3400000000
20000
15000
39350000
936000
625400
1399
6706000
13398000
344700
669610000
142704
36410000
56002
119300
1820600
57498
237819484000
36750000
100010000
100000001
1010000
110000
15000
15000
12196
100000001
1000001
100000001
2260000000
10000001
100000001
1000001
26010000
1994
695696
916010000
529700
10000001
10883
100000001
86614000
12000010000
4209130
100000001
280330000
1826800
263
1010000
12390
13146
100000001
207900
1000000001
40000
484200
2721200
110000
105700
100000010000
3969400
110000
87000
636604
1000001
10000001
977400
6736040.533333333
66640
473
66694
172000
12488
2348
167900800
101871100
10010000
2488720000
10151824
549600
18410000
60784
28400
4177
832000
1000001
1000001
520204000000
14610000
24400000
100000001
2840
100000001
20121
1142800
33535
10654
35728
20000
110000
214000
511
284
2533
19200
4162
7881600
12574000
22584
27553
12756000
14180
53810000
10000001
2824500
10000000001
422800
491
760700
506000
51470
25560000
10000001
100000001
667300000
100000001
2117
5688600
31800
837250000
13717
2182
10000010000
5996000
1649600
22000010000
368
37550010000
1872
6045
10000001
39170000
87484
242500
100010000
3367
178200
109238
6818000
100000001
100010000
100000001
110620000
89450000
322800
294504
112355200
241044
100000001
16810000
1690000
11100
10010000
10066
368500
462880000
100000000001
1664
2619
1000001
214292
916300000
346000
5953410000
303928
1010000
672000
3802000
633
4098000
672000
245248
149200
1570000
30610000
1050000
715400
1426680
1325566
563140
8246620
73000
116569300
25525460
115800
5787
2717
445108
17711
38310000
38310000
74876
1898010000
36810000
11006
18100000000
36810000
21400
21400
21400
38400
176900
20769022
711
495271360
17920
67032208
13648080
932284
411731086
28000
65522000
2696400
114000
15720
94254304
5760600
100000000001
1247
5772
13674
1996000
1000001
21390000
1000001
40410000
160570000
4039
218600
102940300
156124
513410000
9157
1818
1660000000000
4050000
323434
100000001
100000001
1000001
91500
30004
118000
254700
784000
87400
10000001
167600
70632
1930000
761100
1000001
132000
71000
4898
39744
1000001
100000001
24740
100000001
1000001
740000
20381
1000001
10000001
319000000
1000001
20003
192000010000
30149
10000001
100000001
1210000
73200
967800
740000
16556
1000001
40890000
100000001
984760000
1119352
116400
110000
1963763200
1236437.3333333333
10000001
304
10000001
10000000001
299344
378
424000000
534000
250486600
49512
41800
74066000
214094
508000000
748360
1324000
20003
1975410000
325900000000
100000001
10000001
10000000001
393200
16500
1000001
25400
13000010000
4973
2102
5248000
2311
18628000000
5240464
44600
5380000
352000
1037
100000001
592788.2666666666
100000001
364024
36130
16500
37100
6643
36260
23000
1613392
1645200
21410000
307400010000
9463
25300
4170000
22
2558776.533333333
30800
1139724400
125000
19042
29800
1783300000
2456066
1908000
1000001
7810000
10010000
1000001
1000000001
922032
103650000
8848
59450000
35154000
59440010000
10000000001
1000001
8128435.519999999
12907
361600
112289860
89200
108640
9676
81800
1016969.6
421600000
9492000
116600
210000
210000
1000000001
35610000
20000
110000
18052
4
10010000
10000001
474500
18664
20002000
6112800
948400000
1000000001
1000000001
100000001
1000001
4171000
120010000
165800
700000
100000001
1000001
736600
1365800
10000000001
110930000
341371000
1000001
10000001
62800
28400
1000000001
1112
100000001
4169896000
8090000
100010000
1177
1000000001
1180010000
710200
27600
3302000
118010000
56500
100000001
255287.46666666667
3710000
5412000
10000001
667
23581936000
11100
110000
15
1074010000
21490000
90316
1010000
184
10000001
10000001
72627280
1010000
3048000
36842200000
100010000
10000001
100000001
10000001
18260000
101100
152400
36444
182000
17210000
9262000
23427
465000
4392400000
1010000
100010000
4014000
2195200
283645770
1090000
543361600
1758000
875
10000001
3380600
5980000000
3567
2356
37353
371610000
100000001
399092
8844
2489
162460000000
218742400
43600
538
468100000000
416400
152050000
4730500000000
8694000
166
13873
5889
20604
3730
372262
6990000
356810000
784780
3596324
6990000
20741
1592400
1002600
25256000
16800
108800
110000
396000
48600
1671
123505768
1000001
100000001
10000001
101740000
1000000001
100000001
30410000
46900000000
1310000
78330000
51200010000
959000
37
10210000
517200
322000
271000000
486733120
1000001
984800
2277
178010000
1486900
61500
516
668
4568000
486000
18990000
254430000
34942000
12992
1000001
1336500179.1999998
15000
132044896
39656
4626000
2309
1000000001
141520000
10000000001
161078464
316108
100000001
94048000000
8850
100000001
3861
26639
258033610
1918210000
10000001
10000001
1000001
22000010000
100000001
10746
45180000
255440010000
7129600000
604000000
86334980
1985400
362163000
5950000000
159612788
110000
103000000
811000
9602
2144200
6885
1465300
232
27700
10000000001
1000000001
2130690880000
1000001
10000000001
60810000
10000001
1000001
38700
539304.5333333333
400000000
22940
100000001
93210000
40170000
40170000
41600
44200
40160000
4804010000
1000000001
3138000
66600
36510000
100010000
527
264
42400
2388
517
1000001
1000001
1000001
1000001
1000001
1000001
790372.0647544381
1000001
100000001
7730000
1000001
328900
2715
52086
1000000001
907000
100000001
11666
1772800
10000001
1000001
24830000
1000010000
1010000
30200
1387400
872000
404010000
10000001
1010000
14950
909217
226
10010000
32
10000001
919216
10000001
70800
3004
148
286
100000001
100000001
1000001
1000001
2590000
258010000
709
1482010000
246520
23500
3952000
136
20770000
10000001
7052
5006342
2818
2974
10000001
7447
3724
18140
3414
1000001
1000001
1829400
40410000
656000
190255000
2656
10000000001
100000001
9
15000
30100000000
226000
10000001
100000001
2193000
1000000001
958400
412290160
839200000
27210000
1010000
2145
100000001
2764
357600
908690000
36300
15786
10000001
2394610000
23956000
23946010000
102496
69598
30100000000
10000000001
363100
15900
15900
11988010000
279600
81200
3310120
27622
91210000
200
10000001
1286000
1283440000000
43660
1531
14246
1000001
100000001
100000001
456549080
29940000
4150000
214933108076800
100000001
395792
216250
9376
781584
1000001
76440
10275
1000000001
10000001
142010000
100000001
36865010000
80004
2010200
740000
10000001
121852
56200000
10000001
1000000001
10010000
8880010000
894448
200800
1356410000
22523
499060
35400
128
100000001
58490000
16919
5126000
521600
5080400
1000001
100000001
1224000
3136000
32417453.866666667
276156
175800
175800
1000001
7240010000
195950000
7683
3059800
10000000001
10000000001
18634100
17544000
11777
140800000
875571190
1000000001
704800
27458000
32200
1343
1000010000
10000000001
2394400000
1000000001
400000000
152010000
657568000
5140000000
52730600
100000001
10000001
10010000
100000001
100000001
12156
23167
359
4590000
337
164993104
245000
1176
10010000
11001
100000001
300800
7162000
148854520
100000001
213400
222410000
1082400
10000000001
100010000
32886000
10000001
100000001
1000001
100000001
304000
100000001
6784
1000001
10396000000
5364000
17388
390600
7622000
323918
332600
4386000
1904061.8666666667
1028
290200010000
115226794
36210000
2912000
179576
29270000
1000000001
67750000
548450
190128
7777562
26192000
5454608
4494
100000001
103704
902
911
911
52410000
4181040
6235
246797500
710
23713
1437
8768508
100010000
1418
729628
100
23530
41269600
158000
79410000
132200
86
49700
10000001
2150600
100000001
10000001
11590
1000001
36226000
11739
14246
34310000010000
200003
1010000
10000000001
28497
123540088
21501
137190000
22936
722000
1588
614500
74600
99157296
645700
448
600010000
921800
14268
283600000
998200
6010000
60010000
5125000
10700
15400
118000
1761238
405
304
50400
81912
100000001
192380
63200
22304
105546
733
18198
1853200
100000001
284710000
100000001
10010000
4144000
4050000
13287
100000001
8076500
15132160000
226000
31600
109
21090
91000
91000
5000
24200
1000001
413584
1888936
33706000
10000001
100000001
10000000001
1000001
18600
100010000
100010000
813400
17986
350
61400
4998000
1248
37700
20000
20000
15000
5
31296
560
20003
10000000001
100000001
57054000
472630000
764000
246544
1260628
3514
15000
15000
11100
20000
16000
16000
1010000
596
6884
379
17501
11100
531
33056
525
1528
1230000
14262
100000001
1010000
100000001
1000000000001
736000000
1034
4480000000
154700
333400
1618
29630800000
23882
100000001
46999600000
1000000001
736000000
100000001
1000000001
52100
10000001
1000000001
816
40410000
36664
1000001
297400000
22374
2649
797
11292000
50100
100000001
270000
7346000
10000000001
14337
2310760
548200000
21482
194932
33100000000
7546000
1000000001
5126
5774000
7130000
10010000
20000
81200
144
10531904
9732332
13374
10000001
19444000
35210000
100000001
46900
7441
370
4010400
1229
2702
100000001
17320
1010000
435200
25950
3088010000
1000001
459910000
9
17
11100
13661000
100000001
399200
41182000
33
9
17
1835000
100000001
10000001
7867
58050000
100010000
1080463000
17569808
886480
12395
375800
10010000
65740010000
100000001
1264
119695000
110000
71630000
2010200
86810000
1000000000001
66800
332000
175984
51609904
410200000
799000
100000001
8556000
10000001
100000000001
2930000
24600
279262.93333333335
189520
1010000
18206
82990000
297
14586
4306
216388
315800
101972872
9593
19400
95
163736
5632656
4719100000000
160
10000001
866
137866
40300
33221
1010000
100000001
10000001
110000
100000001
11346100000000
10000001
1000000001
10000001
1000000001
799600000
15742690
10000010000
487294156
12493
1130
102213.33333333333
100010000
679400
197416000
1010000
878800
8040100000000
1000001
49380
1000001
100000001
10010000
100000001
110000
1000001
10000001
309400000
78600
44300
3170000
41600
13476
41600
317
2739200
155177200
322000
100000001
322000
475800
593668
15867
100000001
1000001
10000010000
171700000000
10000001
1000000001
56250000
629980000
10010000
10000000001
100000001
1000000001
102224926
100000001
10000001
100000001
100000000001
10000001
679
131000
1000010000
1000001
2003
19638010000
100000001
10000001
41800
9311
160
128810000
40350000
258600
586000
667000000
157100
100000001
1000001
100000001
11100
100000001
100000001
26976
10000001
607300000000
10010000
10000000001
8915800000
1000000001
65120010000
1000010000
5911800
689000
1000001
21418000000
12363
10000000001
1000001
100000001
10000001
227600
10864
110000
13388
100000001
100000001
774000
10000000001
597150000
100330000
5770000000
100000001
373272112000000
1020000
21150800
110000
26091
1000001
1141
1071
1010000
592831378
3129600
83980
281800
103807000
4293018
8330000
733
367760
842000
4780000000
100000001
113530000
1616
1908000
5710000
516010000
1274000
5717476
26333800
10000000001
100000001
15230000
12992
52410000
49500
110000
110000
100000001
310276000
1000000001
100000001
100000001
90470621.03078316
8632240000
29239200
1000001
8688000
10000000001
76550
58746000
63600
97550000
38590000
169000000
675210000
367
52610000
5270000
1000001
10000001
100000001
100000001
1227
1136000
21242
1010000
1000001
9130400
45603
171490000
23600
69
774420
225600
12010000
1906410000
22364
55210000
944400
129
10000001
1000001
67624000000
8910000
72410000
410410000
1010000
10000001
215172
1470000
13173462
235
5359
6601
11640
184300
11600
554000
273
4940
11630
619832
383100
124010000
1000010000
110000
20000
11821
169950000
10000001
9309000
95000
129800
385
1010000
83492800
613500
10827
100000001
1942
10000000001
110000
50400
84810000
8459
38
57000
3938696
36050000
12371
87261
468100000000
1010000
1000000001
202000
201990
330100000000
80410000
10010000
100000001
100000001
10000001
2127000
100000000001
100000001
1000000000001
10313
1000001
676180000
12044
608032000
10000001
497400
31500364
30230000
309178
602
50132656
231144
71150000
442015000
1000000001
107
3226000
32170000
44400
173
63359400
127348
543400
236182
1000000001
12376660000
34600
502000
1330000
173180600
23732000
27403
10000001
100000001
11331
41880100000000
4298000
2893
3412
1501200
35947
100000001
1389200
13210000
1654000
174400
1144400
100000001
100000001
10000000001
1500100000000
52278000
26938000
30100000000
718010000
90200
16110000
423400010000
9868000000
134800
4162
150954
100000001
1000001
100000001
5730000
25200010000
1000000001
1977800
100000001
124400
185275000
1000000001
100000001
2157900
1039900
760000
5412000
1885800
950
174700
1348000000
22500
9045
1000000001
186000
161228
697400
103495000
279588
35906010000
775372900
22630780
1726600
262700
141700000
100000001
167010000
16950
10000001
10000000001
2338700
407400
100000001
21600
21400
100000000001
4830000
100000001
100000001
8498000
434400
434400
610180000
233320000
859288
500500000
44771
2104000
7306
1160
10000001
10000001
10000001
100000001
10000001
746000
100000001
45136
10000001
100000001
100000001
141000
1000001
100000001
15340000
124000
10000001
3365200
7370000
321
10010000
4806200
1000001
20000
10000001
100000001
1010000
2377000000
10000000001
480
8171
544
421858
1000001
1349800
273
970000
5900000
5970000
124400
11450000
393042
12487
2243800
629900
1670000
3782010000
10000000001
12410000
180600
10000000001
100000001
1000000001
15500
56
1000000001
210410000
1000001
970400
667400
1808000
1645788
5852000
90762
634
1477610000
905
2793400
129
1000000001
20000
20000
15000
860
20000
16
1000001
10010000
256000000
26210000
119360968
38400
4641
324900
2526
8150000
91400
1195408.0000000002
25092
236380
318000
30810000
100000001
1215280
72000
41000
7340000
1000000001
218700
562000000
20811
1052600
342352000
34598228
15890000
10000001
1000001
4572000
833920000
10220000
604000000
2742000
283200
10000001
1000001
10000001
100000001
10010000
15000
15000
10000001
56992
72400
538800
10000001
26610000
100000000001
110000
10000001
100000001
100000001
100000001
31210000
100000001
1600000000
95280
659
2814340000000
67200
124600
239200
2997
2302000
63800
24762
77100
1352000
5390000
133248400
100000001
484000000
3750000
17698010000
100000001
3164000
1074300
20003
100000000001
2339400
10000001
1395
1000000001
294000
2841
2582
10000000001
61348
1097
1791000
5077
47210000
237
168000
100010000
960274000
6214538200
9046000000
3490000
100000001
69090000
160600000
4050000
30200
250851580
49800
1456000
3185400
151100
157136
5893
9915
134200
622
28230000
248800
121
10000000001
482000
227536
325570000
3560400
30600
422000
30600
274900
628000000
312010000
31210000
31210000
163
113550000
100000001
10000001
97912
1000001
30000
10000001
2039
1594000
20000
18185248
79290
15000
740000
3502600010000
558189952
59170000
8032
41020
1000001
19304000
100000001
25600
1000000001
21400
4974000
35050000
100000001
1000000001
28070000
1084500
10000001
100010000
347990000
18167
106000
308600010000
27485
100000001
224000
108
125993400
2775
100000001
42410000
109528750
100000001
790
32484
43445000
250000000
1397000
373600
412378240000000
711200
1000000001
7290832
132986800
1000001
28600
624400
1010000
66210000
127420000
1000000001
1963536174700
1288500
58320
283240
27803
1618000
1000001
100000001
75010000
2109200
95753228
2165
54610000
10000001
6110000
14610000
100000001
740000
10000001
13432000000
10000001
1910000
1070000
100010000
132694
210200
1000000001
2541
2646000
23787
233335510
210200
4463000
20318
616000
100010000
100000001
1000000001
1000001
28699000
300100000000
456384
21118043200
67400
2161
110000
100010000
110000
740000
15000
100010000
2180416
263
46810000
10010000
66274
51100
174758
478000
46810000
9234280
14268
1010000
2602000
2602000
1018
58810000
11770000
20000
26
8896000
54660000
17300
39200
74
1089
418600
858598
214000
10000010000
7290
88300
14173
50810000
444086
264000
214400
138216
15100000000
1000000010000
10010000
1000001
337800
990
250900
15000
133000
11100
15000
31
16
4668800
55800
66386
514000
12486
3561806500000
54690000
8711600
47972
20370000
238
251290000
20000
362845000
15000
531400
12231212
517
2612200000
23800
17721
286000
23800
967
174
41123
10010000
9082
1634000
15000
12211
110000
10010000
47000
58600
48610000
1749
110000
20000
10010000
100010000
11100
740000
11100
2918
20000
664654
636
2315
483850000
7642
4848400
682400
56264000
475900
19322010000
5505306.666666666
82600
56600
5640010000
101650
38200
90454
1167
3098000
521
1760010000
985
100000001
110000
3258000
1000001
1010000
1000000001
2003
11744
1140448
176010000
1127900
364000000
18563
176010000
4022
11132560000
2015
17610000
1770000
176010000
3520010000
1760010000
2462
1287200
176000010000
186000
186000
19922
2268000
15250
1768480000
140800
1454200000
1000001
1000000001
134980000
414000
4583
3549040
38684
10000001
362
3188000
30743
11697
380080000
59216000
8751
100010000
10010000
46810000
10810000
52892000
10000001
879370000
10000001
10000001
11
1756000
65902
264800
1010000
1000010000
1862000
1000001
2719800
13550
217075216000
18020010000
128000
1631
10000001
39186000
656784
65210000
983200
6541
1762000
886000
16000
132700
1337
10000000001
16450000
10000001
159900
966800
6998
10707
29700
49400
29700
29700
1096000000
444190000
24626
28524
880
36600
13033200
893
3032848
172400
1000001
37600
61200
33035200
100000001
128010000
7454
100000001
2715122800
1405914995200
1000001
483010000
450044
12422000
100000001
17641
84010000
1010000
178000
20000
1000001
848010000
44473
100000001
1000000001
291050
883120
11193
100000001
1000000001
371350
4342272
948614032
1010000
3570000
418
42200
1000001
1000001
779000
535300000
10000000001
294000
3340000000
18010000
4318000000
278
10000001
615000
10010000
1647
100000001
15174
22830000
8770000
4594636
17714
20000
414000
30200
10000000001
100000001
67000
10010000
1717800
6182956
29992
1000000001
1932010000
54970000
9426
2250000
670810000
360200
1010000
415
4130000
1502344
5650000
50744
574000
16204
1390
123928
6389
941
28219600000
5094640
785
919
38641600
528000
65666200
459700
1000001
1470000
10000001
14610000
100000001
30670000
128089600
575200000
10010000
1000010000
188600
7076
193200
519
4949
376300
20833352
81200
38380
45900
360
48808
4144600
3260500
829
51300
414
4081
147500
165760
369400
132010000
340242
13210000
16600
11410000
1000000010000
10000001
114000
22890000
26600
1510000
12582000
100000001
10000000010000
7490000
156010000
159
70200
76100
1717210000
12366000
491500000000
5625
42208
10000001
63600
63600
269
389080000
110000
304
4050000
6767393.066666666
4616000
4946392
217370000
18195532000
102996400
10000001
150996
20214
78178
50670000
2534
23447
476422
47990000
100000001
10000000001
1315
1000001
100000001
1000010000
2273000
1528400
100000001
100010000
509879800
11584
26250000
14490
2076800
959000
10000001
48016.00000000001
6615040
36510000
10000001
430000000
129600
6293
3018000
103877566
44751
162600
1939591
100000001
145
14210000
4717
355060000
859600
141119000
100000001
20000
110000
9018000
56926
2134
1269280
15765568
376800
16231447000
998681740
210200
100010000
144010000
418880
156000
174090
756410000
2003114
149493356
2290100
45612000
15970700
68503000000
45612000
4570200
2290100
2746120
2290100
332904600
329189200
4570200
45612000
2290100
2290100
9130400
4570200
332904600
2290100
4570200
332904600
45603
1295880
75650000
378210000
3497508.2666666666
128365000
199100
93204
51602
5118310
2700000
3400000000
144500
221662
2170800
2606000
196010000
109410000
12850000
36510000
15210000
5730798
1000001
18393904
148600
4050000
4050000
327600
100010000
100010000
15000
655600
2170000
1702210000
4330000
31600
870000
230472
96200
1000000001
14703061792
12970000
139756
434000
20000
20000
2565000
100000001
100000001
1494000
5170000
1000001
734000
103955974
10259
166200
104838400
686
926
1619848000000000
377
1690000
14092
85144
35910000
24300
417100000000
100000001
20003
1000000001
401772800
840
756200
27054000
13523
10810000
100000000001
100000000001
107790
143800
19262
100000001
637000000
1000001
100000001
52526
47400
64100
100010000
16000
15000
725400
1000010000
275740
10000001
100000001
1000001
2003
1822
9226000
2154
25965088
10000001
726200
21981
3390372
3301
209264
132170512
10000001
3290800000
324010000
163
71670100000000
3518
108457900
15200
740000
4170
1744000
10800010000
186378400000
4210000
728036
381
358768
108694000
100000001
20000
30200
10000001
2990
227800
68950000
430000000
1000001
11850000
69200
112254400
3278600
845920000
14610000
100000001
212000
1680010000
628156600
964
100000001
99000
10010
86690000
33010000
11716000
51814000
10000000001
36664
7060
320596
1069400
32770000
100000001
17226
8810000
17610000
775300
178366
1000001
1000001
23376
36000
428
36250000
14438368000
1942000
40210000
10000001
100000001
2638000
2470000
91205
10000001
10000001
319000000
20000
753
13970000
10000001
10010000
20128800
100000001
81980
146335600
22200
254000
1000001
1000001
100000001
1983838000
1000001
10000000001
100000001
100000000001
26491
106140
41247
36750000
100000001
10000001
100000001
100000001
1000001
30100000000
10000001
100000001
1470000
1895400
43600
1010000
10000001
213
29200
13151
279170
3464000
3464000
47994
10000000001
965
10000001
1450000
1000001
100000001
1000000001
1570000
14054000
39000000
239416
7812
36634000
127900
1000001
100000001
1000000001
10000001
100000001
40410000
304
50400
20003
9690000
1010000
10000001
262810000
100000001
128810000
2004000
5232848
217404000
15000
602998
24700
2761450
5227
21180000
10000001
100000001
24640000000
8170000
2752350400
3100000000
188728
10010000
10000001
100000001
10000001
546900
100000001
77078
1032000
61100
61100
326
456030000
31810000
1936010000
33144
220400
96810000
2218000
130000000
36100
72059956000
10000001
271052
10000001
1000010000
18208
1590
9078
15000
2824
236010000
832900
23610000
2360010000
49
23610000
1000001
10000001
202400
18737
5773
1000001
91608
67772
304
4040010000
30200
10000001
12100000000
38300
61410000
879400
325636
62954
100000001
350600
20003
10000001
1000001
10000001
2003
100000001
1000001
300200
155100
34276816
2248800
31384000000
1000001
2289
110000
110000
1000000001
124378
5200
1000001
10000001
1000000001
100000001
118000
10000001
183210000
15000
96810000
494000
96800010000
6350000
73400
62600
15369200
527
1350000
16700
8422000
532210000
1000001
100000001
128000
74790
10000001
20326000000
9756000
1550000
86098
10000001
276400
92962
10000001
22600
438450000
24030000
102010000
6188900
349306
373682
671200000
1000001
2675400
100000001
10000001
1274500
34777002
22902
136328776
164400
100000001
102865000
26478
2798600
37300000000
2513116
300600
392118400
2350000
23363040
11264
24422
18248
1000000001
100000001
62537
1000001
221319112
14582
4043944
1618000
34288
110000
1010000
15000
226568
9886
84200
897800
158400
100000001
48162000
100000001
1000000001
10000001
100000001
1109210000
160300000
1469087200
100000001
55450000
992080
2230210000
55198000
1000001
22809
13979
10000000001
2289100
15082
110000
20400100000000
31450
100000001
1352000
1000001
9018000
100000001
100000001
100000001
516880000
283020
32484
3825
10000000000001
37578000010000
423358
10010000
1000001
1161
754000
57
100010000
15000
1000001
695710
255287.46666666667
3985
2076864
2312000
2177
308000
39800
4360800
1951300
100000001
2922400
1200
16850000
1010000
41200
25600
2287600
953600
1010000
227860000000
10410000
1050000
1642280
769200
10128056
518181400
12630000
1000001
100000001
104010000
8695
136
10410000
66472
2090000
132970480
769200
130000
120000
578040
100000001
6656000
20000
3003000
100000001
10000001
104050000
63400
100000001
1543000
45410000
15000
39
5065600
122
191888
100356400
1010000
15800
455
125944600
1010000
1000564000000
15000
1936924468480
77200
17171
11100
22800
10000001
10010000
446200
1010000
3487
15100000000
11210
143400
126400
30410000
61010000
418000
66936
1000001
1000001
81600
15000
1910000
35000
20000
7
10010000
154518400
1010000
110000
3825978400
20410000
115400
115156
67960
162100000
994000
50307000
318
915200
20000
1010000
10000000001
60454000
10000001
1000001
133000000
1000001
100000001
430000000
100000001
10000001
12926
1000001
100000001
2951400
100000001
326400
773200
391600
306000
306000
1559
1072360000
41800
40410000
736400
1462800
106064400
1000001
1000001
79810000
166332
400050000
10000001
43810000
10000001
10000001
483264
328600000
1000001
4050760000
3601
171200
10000001
412000
15500
120250000
2500010000
35000
5292010000
915
53800
8530000
35560
214
20000
184000
27400
53800
53800
6404800
10000001
100000001
1000000001
20000
149954800
1250000
1010000
99320
1619028
892000
418760
7442000
12794
6667
21700
641354176
5388
17530000
304067200
100000001
28480000
1000001
40890000
613400
1000001
100000001
100000001
112000
3076000
4640000
28480000
1470000
50400
10000001
120900
22190000
110000
1000001
58810000
294010000
77452
1236400
623200
1831400
2927
14779
304000
14210000
2950000
25610000
5477000
100000001
1000001
12210000
37549836
110000
102213.33333333333
100000001
46400
183
1000000000001
7570000
3002000
1068000
181312
159
140039200
568
147400
142916
66410000
66410000
7678
47730
25400
6640010000
1390000
76400
24476
5116000000
10000001
100000001
13212
302000
14041
8761
110000
795
2814
459610000
58200
100000010000
67002
521185996
87700000000
83000
83000
17274
740000
1101800
10919
8870000
101529880
4880010000
243984400
481812
23186000
809500000000
60400
505
1000001
10000001
1000001
1503232000
188010000
104000
24027000
2743
27200
826816
33800
1311574
33200
56400
280088
63169600
763960000
1000001
29940000
4933744
1000001
11408
443620
100000001
100000001
100000001
20000
100000001
10000000001
1006000
49810000
50816000
100010000
250000000
10000001
1000001
24142000
11778
20970000
100010000
100000001
351
105260
100000001
1000000001
11125
100000001
100000001
10000001
180000
117800
225600
1878000
935
71200
71200
48280000000
110000
64400
132986800
22006
421746040
41800
13720000000000
135978400
19110000
1000001
7559200000
46160000
740800
1311
498200
18900
101174800
120359440
21800
36862
156010000
103610
100000001
179891200
20003
392500000000
1230000
1010000
10000001
100000001
5259100000
21894247090
1840000
1000001
587000
401100
309744
994
74600
4140000
1547
10000001
13575644020000
1408264
89550000
24200
978400
192603628000
1570000
100010000
20000
110000
234413224
656526400
383800000
283900000000
19460
245376160
78579026
3700
529190740
112400
6148000000000
520010000
26403880
1000001
684400000
10000001
677573854
10000001
1000001
100000000001
100000001
400000000
37870000
30733
100000001
446760
31210000
1000001
11640
277302400
372000
3630000
1416000
7746
715462000
787
2514000
10000001
100000001
10956000
10000001
20100
4830000
34100
852000
171346000
26646000
24828
100000001
7540
3730000
100000001
3079600
3100000000
1000000001
1000000001
2545300
1000001
25560000
152032
100000001
1010000
1000001
1255600
57124
11612952
2481280000
24800
9456200
110000
2394700
3000100000000
2885
796000
33602000
10000000001
169180
47900
47900
100000000001
729688
3328000000
154
100000001
100000001
1000000001
9860010000
100000001
29011
1000001
1000001
100000001
1000010000
23200
1000001
692614000
123564
15098
21764000
8478
550000
271
392010000
3882000
19914000
424
291802
100000001
71000
4692400
3474
29500
93790000
7009000000
408612
2815094800
100000001
436000
4431
92644
16669
100000001
29010000
693540
10010000
18050000
39700
4627
56800
235
1669
699
400000000
87970000000
9193
100000001
100000001
1010000
4610000
8307610000
3004
20000
51
1000001
5942000
641
100000001
1000001
400410000
1000001
76860010000
248210000
10000001
31032
200230000
58500
1000000001
2694100
390010000
10000001
10000001
23978
17414
1000001
100000001
36410000
19776
1000001
100000001
11420
10010000
294700000
20000
77848213272.88889
110000
16610000
2063224000
99548
716
100010000
271600
1107214
5626010000
1010000
114100
150000
1010000
1274000
1010000
190000
253
8476000
14010000
28400
100000001
10000001
1000001
4708010000
100000001
1000000001
4430200
176000
176000
11826
54300
5311
1218
35610000
43200
212010000
1000001
563
15000
8158
10000001
1000010000
6112000
100000000001
2003
3283
160000
11166
22873600
3133
2357
267744
1000001
1000001
10000000001
892000
100000001
10000000001
15860010000
37300
12090
2968
445
4396000
437280
100010000
115524124
2020001
110000
28260
430000
762000
7968
12398
12398
13828
2822
28705360
110000
20000
15000
21704
39
303194
2977100
59343
3662600
4367560000
250630000
141
1000001
100000001
10000010000
28216
18756
2142
406000
29800
14356
39610000
79210000
29800
1269
29800
10000001
2327600
589400
5795
32300
447
6945000
110000
11191
62400
1922600
32341
16171
205444
18639
4692
55000
4382
214300
188000
10000001
154800
2462800
1344400000
3575
133870000
1515
332800
9713
4001452
1376000
1000001
29990000
100000000001
246000
109506
8575180
57400
1000010000
3004
1499000
1009890889600
1000000001
7559
422900
19146000
1000001
9117
258930
13605
100000001
10000001
4780
12624400
416400
1000001
278000
190
10224
10010000
118922464
5203331200
878800
100000001
1000000010000
296798800
70800
305
100000001
1530300
100000001
257940
16237264
10000001
4030000
2060010000
157792200
2070000
6511
185494
2000003
100000001
10939
10000001
371400
8288
9650000
1000001
105326
4334
10000001
10000001
10967
68892800
1000001
1707600
22200
36970000
187940
7480010000
17010000
22223
10010000
20654400
2554000
1114700
7827
10000000001
3409800
352600
10000001
352504
1000000001
4930000
601000000
24800
4292
26700
1000010000
110000
1269400
5802
346600
26450000
963892600
104920000
21650000
488200
302000
594000
400000000
200400
1028000
7502
1028000
3190
19900
100
1258000
606
42910000
5547
590032
40410000
160000010000
1000000001
95417603.2
10000001
15970000
110000
1407
349210000
1000001
10000001
1000001
28357
277410000
2270000
6401
15477
154400
11463
430
10000001
11584
97480
1000001
10000001
219010000
282500
19100
70000
1670579200
1182176
986000
537
4825
58800
247840576
8330440000
42810000
110000
177
4601059840
133000000
74000
323740
1696500
67210000
2110000
20500
116600
623200
350200
7358
9922
70670000
53110200
10000001
1000001
100000001
2336200
100000001
103240600
755242192
1137200
100000001
100000001
100000001
100000001
32950000
332600
2212000
845841250
1000001
798049000000000000
3091
29190
400000
7177
2677630000
16200
22400
10000001
379610000
86200
191
10000001
3982
2440000000
4474
32000
5690000
18206
1108000
536000
2003
1000001
1000001
2588000
7274000
20003
1000000001
9099100000000
95250000
10000000001
413400
4040
2479
142700
526600000
1010000
1000000001
100000001
206
17205942.4
4910
1084
206000
71732
100000001
142000
1597
1627
98300
37600
16300000000
410700
23068
53800
439
175400
57200
1213
25110
100000001
100000001
1000001
429640
100000001
1000000001
1000001
9940000000
2954130
165592960000
4239410000
10010000
1156000
1000001
60424
21500000
182300
7839
126
4350000
19548
10000001
1000000000001
100000001
166160
13410
100000001
740000
35
1000001
226000000
100000000001
10000000000001
5380000000
4374360
212260000
9654
7703
877810000
377
189
12142
95316
22100
9755
20003
6498000
1737
6434
75300
20000
100000001
75650000
310010000
13430000
250000000
118152
1000001
10000000001
30700
208
33010000
1000000001
1010000
6638
100000000001
10000000001
1303468
12571840
100000001
562400
602000
100000001
100000001
100000001
10229
131800
130010000
31500
62140
16500
27000
5187000
100000001
1000001
100000001
1000001
894400010000
1088200000
10000001
1832
1000000001
172918192
171100
297700
2174
58000000000
204
3322
6574718
827800
10000001
100000001
423454600
1000001
94490000
6790000
11276
126000
1791
5667552
97406
688000
36488
1046600
100000001
386
7939
2187680
124
48
73400
16071
247190000
1000000001
1993450
360000
240000
10000001
1000001
67715488
10010000
181870000
353
315400
76484
1512
10010000
61590
10010000
254
26000
19930
127660000
4109
1010000
1000000000001
922000
129388084
20000
15000
2255
5138200000
226735000
322200
100000001
7624
14950000
1000001
734724
184812
413
17986
688
100946440
481400
3869
100010000
77900
1000001
6053
5381
12843
240130000
36500
266
10000001
67830000
3577314
4412662
588400000
67322000
1000001
10000000001
4140070
10000001
7010000
97610000
313424
558
4228456
726000000010000
17754
1735
110000
1000001
17800
72410000
7690000000
5173
21374
100000000001
100000001
1000001
1000001
12656
221
180400
1000001
382400
20070400
1000001
32010000
90982153000
1000000001
100010000
57600
26246
1000000001
29700
1000000001
100000001
3004
12010000
5390000
1890000
100000001
48082
678000
26700
317800
130600
5885800
66610000
3000100000000
144532
57234
36642
35692400
138300
12068
12068
19400
8569
22517
4555000000
230000
13177
337300
6206680
9210000
231130
3512000
10000000001
4208000
50410000
3749
268214
502492
100000001
1000001
1000001
1470000
1499
2475856
1000000001
1000001
20003
100000001
173688
21779
100000001
10000000001
58547060
4186000
27424
110000
21400
100000001
1000001
3684400000
25010000
100400
13208400
1227
144664048
5058210000
23200
62382
2928
768010000
1539800
100000001
35810000
155200000
15340000000
1025
177000
1000001
12892816
83400
10000001
534000
57800
100000001
1336600000
33220
48400
11222800
740000
1010000
1000000001
10010000
26228
100000001
6548010000
100000001
29000
257500
1000001
229120000
222
67200
26368
84400
745
1708652
34200
522040000000
575
21839
400000000
100000001
379300
1428200
100000001
59196000
100000001
3742000
98200
19702
27956
5360010000
63600
19900
110000
100000001
474000
1210000
10000001
240878342
100000001
1000000001
1854700
1678
440
1000000001
10000001
1349856
400000000
727400
46146000
289900000
491610000
59500
1695000
119345580
1000001
39736
7944010000
1119232000000
44671400
105530000
352357000
13728100000000
91210000
1000001
8730
4598
1765400
22689
187584
797538
2086
70121776
1000000001
22700
100000001
100000001
545188
3017600
10000000001
20000
1000001
11001
1000001
10000001
330200
100000001
162571600
33536656000
1000001
10000001
100010000
2250000
10010000
2610000
48
15000
28122
63400
131560000
885
10010000
428010000
3797
2408000
10010000
1785
88600
394
8640
1835000
179497000
740000
10000001
2671276.8
783
5121040
514000000
200000
100000001
22000
121
24830000
1000001
1000001
1000000001
1000000001
100000001
91092
187584
21260532
18650000
236
330100000000
1000000001
100000001
170
23539
100000000001
7718800
262000
27368
2448200
162612616
10010000
100000001
2688886
3130
1356268
941210000
10000001
1000001
15190000
198232
1000001
871810000
328428
1000001
333400
1634740480
150000
11550000
11967
10000010000
858000
528400
10000000001
192400000
10000001
100000001
10000000001
100000001
14610000
1010000
1255000000
301200
55800
7569
37096000
100000001
10000000001
10010000
1000001
19174
123898000
1000001
758000
84800
84800
16144
617
132010000
39700000000
100000000001
3178480
100000001
247000
859
11924
17445
11
144088000
10000001
20000
100000001
2210000
1000001
1542
3350
5616280
1835000
1250600
38800
130010000
1000001
19720000
11
29432152
409
412864
234976
3961400
272500
2626
1405
9024000
20277
122800
1000010000
38296
141318
1740010000
174010000
8173
4306010000
19350
9394
100000001
15478
250
16714000
100000001
4924
23610000
42010000
33276
4210000
430000
55
51130000
10010000
319030000
793000000
45270000
64428
1000001
1000001
2565000
10000001
100000001
28480000
36510000
1470000
20003
10000000001
1648600
463010000
96030392
1000000001
544
450820
256200
124410000
30100000000
100000001
1466000
15819
166000
14506
342420
5802
3011
42610000
26072680
157600
1487476
100000001
1231200
9290000
44400
188010000
102213.33333333333
100000001
10915
52676
10000000001
405
277200
12112
19600
998
83
1056400
100000001
37610000
547350
1241428
10000001
100000000001
35920010000
100000001
100000000001
1010000
20003
100000001
1000001
10000000001
294
10000001
3280
69410000
25268
494412
145157464
100000001
2000003
11330344000
8890000
746000
7370000
27967
1952000
326
817600000
3109568320000000
1000001
10010000
4678224
1125400
1000001
1000001
10000000001
8042
5845600
71400
30232000
322000
1178000
740000
10364
1892000
2060
25867
2123
6650000
998800
23830000
2392000
4398600
456200
970000
6385360
24219
388200
4632210000
156000010000
321200
802600
7927
39200
10010000
194224000
358000
1000000001
100000001
292000
8367
10000001
4109249.4933333327
498100000000
17579
2911
15175
32400
1000001
10000001
1000001
801019000
2003
1000001
1000001
100000001
4084000
255
1757400
568000
110000
11100
110000
2805300
15000
740000
74976
100000001
100000001
62900
6691
10000001
249756
55000
541
489978400
586
41648
20917
1852
2668010000
23851248
793700
2290100
13300
151
161275000
862000000
110800000
1065
15000
15000
20000
26523600
26523600
3450000
25290000
118350
115184
700624000
39216
2521200
1000001
1010000
2960600
10000000001
1071
36128
2037640
31400
10000000001
478000
118
89618
100000001
100000001
2914800
1379
362000
3416
7000000000000
3190000
622000
4477600
10000001
100000001
10000001
294003049.59999996
1000000001
9314
35017
2003
1000001
22743
65924
100000000001
132000
1000000001
4600
12830000
12820010000
1292000
3498322
5746000
4914
111
108252
544000
50400
2989
220760
5273810000
100000001
307610000
5832118000
100000001
175940000
10000001
48610000
1000001
1811600
1499200
6790000
2027200
2105
12339
36320032
63610000
100000001
23200
2378
37010000
2001400000
100000001
10000000001
4174
1010000
1245400000
59610000
16556
6531
40100
70200
426610000
452685944
20129
666410000
3327800
15670000
14543
357732
10000001
1000001
4025000
10000010000
1008610000
5044
66400
142
3446000
299120
2110000
2561200
77
358000
13828
352100
680000
77000
4901000
50000
886000
85220010000
742
1231
1031008
12090
19500
79146
137600
4437
542058460
10000000001
1000001
4016680
8463400
31200
359
2440
3757
10400800
20000
616200010000
378510000
10000000001
5486000
3593
208022
8625
8971008
1030000
2270000
38410000
352800
2680000
255400000
100000001
215200
205210000
163300
1534
122610000
36986
206010000
4489
591800
10000001
264144
100000001
39600
250000000
55600
15804
13704
931524
378448
50400
5024586
377100
1862340
49123000000
1000001
3141
3190000
3130200010000
7290000
831400
9903
83914000
1010000
1000001
22540000000
10010000
357710000
276010000
32130000
292010000
1000001
1000001
3449
5419
102996400
2313
748000
43770
145
43810000
2346
66300
47045
289600
100000001
8310000
50810000
463
1010000
66800
56640000
298000
298000
49168
68800
10000001
10010000
233320000
10000001
127120000000
110000
136936000
11210000
539790000
104468
100000001
1146100000000
1983
1000000001
414000
111397120
213971200
1870720000
303000
5044000000
100000001
2936
210200
362352
95560
71
219
146410000
19400
2823420
2754800
86500
33540
58900010000
1000010000
9049693.333333332
813410000
5709352000
10000000001
6758420
46916880
530928
243600
9746010000
1000001
5265
100000001
231947200
81400
10000000000001
446800
473716
3210010000
2930010000
3004
28408
4821130
19988
10010000
84410000
101696
509810000
519800
30100
26580100000000
200003
10000001
8700184.533333333
31000
106
1071
11069
164
849600
65070000
10000001
1000000001
360576400
16830000
349764
440613548
234700
157
8899
513
550
25250000
838768600
884800
496500
1410000
17000
13080
17000
141
1097600
10000001
43098
14026
3237
1000000001
76616
3029
5583600
1898
183
8091
346160
221178
90410000
57983
703704
1421
11100
15000
16000
9
242224000
125874
1000001
8109
100000001
335800
196
13310000
11909
537460.2666666666
2616000
1304
1340000
1434010000
14350000
18474880
8565600
523
262
1127
5008000
65110000000
28659
669076000000
29022944200
9636760000
460760
10000001
46730000
110000
10000001
866000
100000001
10000001
105662800
464320000
699
1130000
100217074
10000001
1960000000
496578268000
331610000
16776
10010000
5354
110000
1354438
138798298
87400
3325410000
3238010000
197400
825400
1000001
2787057100
10000001
72200
312
1000001
124237576
10000001
1272000
100000001
769200
100010000
10010000
73
1010000
100000001
100010000
4390000
595660000
1000000001
53810000
53810000
116000
47
1000001
2536
6085
514608
142000
144034000
10463600
405393600
166437200
385
1264
65610000
26074000
1000000001
16066
8338000
218200
4091200000
1144201
5769
11386
15048000
16330000
34500
8697
5783200
10390600
17600
13974000
1217636800
246
398
9854
21100
81
3448
15000
142270000
489800
30000
197880400
2597056000
932010000
55012
81302
15781
248600
876016
19169
11754000
5873
3558
1000001
252500
1147400
4050000
3206044000
10000001
66600
150100000000
688400
15827
28492
16391
118100
1010000
335
937
14664
425
7130000
206010000
167800
2631264
167800
2013400
465
116166304
3625
100000001
181600
57400
15214
238
9739
957
2724
4057
100000001
22810000
24102
340144
3702
4082048
323
330000010000
10000001
418100
75626
66260010000
1312258
56400100000000
100000001
10489
15515200
2003
1010000
191369344
10010000
538210000
10000001
100000001
250000000
10000001
2145
4494410000
100000001
1000000001
100000001
100000001
100000001
100000001
100000001
1749
13129
100000001
24253
4050000
4755000
1010000
100000000001
291100
1486
2260
883
15415
1010000
15000
9249
17086000
218140000
4230000
91422
3068000
8739994
568100
100000001
500000
272915200
1680010000
100000001
78610000
325400
23464
307
2478000
618
26410000
2080400
465488
98528
100000001
2110000
18250000
81210000
1770000
6470000
6470000
495
24344
77817
10000001
361
12069600
1975
604000
1000001
1000000001
1000000001
11100
19306
20000
3576
22826
7046000
47394000
831
598
14504
7015
4458
100000001
8595
843
320
278600
105290000
420
1786000
2170000
110000
186
2709
9520930
302490
10000001
9728
74970000
1000000001
792
88800
514
79900
700
11100
2333
215392
1168
400000
400000
87410000
418
32
7248010000
216712
120160000
674000
507200
294400
25500
37200
1812
314
127150156
1000000001
10000001
377200
1000001
590800
110000
20003
2050
11966
123450000
3909
1027800
11788000
100000001
764620000
49730
239152
10872400
100000001
173300
13495
475388
1000001
2003
53120
206000
10000001
2026000
602200
598060
2350000
127000
10010000
265376
60096
3400000000
18800
25891
3360
370240
20626
20626
1000000001
62806060
36158
279
210200
1000001
1000001
2003
229400
1000000000001
1000000001
1000001
370778
10610000
2022832
870000
1192300
15100000000
496000
50400
4449
42800
11804
489
283
496000
48610000
214010000
3519616
1528000
23370000
1010000
322410000
4092000
10000001
871120
430680
1155
37560
1561
461200
4513
17601
1138
266564
672600
100000001
17424
3620368600
131805400
61240
6244200
10000000001
2256000
11414
2925600
20221984
73250
2301
1151
108252
16894
51478853716
84800
7344
5518
13905
6710389120000000
317380
1254
5299
56410000
50655
100000001
6925712
1000001
10010000
4536000
12881
1000001
100000001
234053920
73
21010000
50800
32504000
1239
878800000
1738800
4323
11997
7096
312010000
722000
42230
7905680
100000001
1000001
412000
17300
9962
2258400
61610000
163210000
10000000000001
2850000
119800
8025400
550
284010000
258314
2717
112124
2083200
100000001
100000001
23524
3140200
1000010000
1000001
1000001
987812
100010000
144200
1328000
12835
1000000001
42340010000
100000001
1000001
10000001
6970168000000
1000001
100010000
4025000
8704000000
22200
1010000
39526000
11606
100000001
648262000
114810000
67400
536400
616600
404000
10000001
319300
108550000
1000001
193400
2331400
9178800
1312200
23700
389
24498
86300
1010000
153506440000
80410000
40100
334000000
2792
433936
11588404
7346500
80410000
19164
112010000
122000
17137264
234000
22360
11210000
15600
1130000
1130000
120900
122000
1130000
10000001
2440000000
4980
10000001
145227160
4448
4890000
1916000
10010000
123524
1010000
5029
487540
16556
15897
69400
171
139800
540880
2430
6095
3048
2760000
13678000
1140
172800
110000
1000001
100000001
2924200
14610000
1570000
10000001
15000
486000
100000001
3397726432
498
110000
100000001
200800
16452
1010000
43
186836
772600000
1010000
146000010000
1872000
7777200
11262
100000001
87400000000
152400
116500
11100
15000
20000
42862104
934210000
255
2811
6160010000
1699
2063200
1734
305920000
253300
198292
165148732
1816
350400
3405
38483920
100000001
818808
3245
200003
1000001
100000001
318800
330364
50210000
503
41000
2874
38600
2870000
1039610000
6054544.000000001
3499
186880
1000000001
86821600
1898010000
177600
1000001
42010
365872
6931
2330000
126000
100000001
10010000
644950
455
411060
168
104800
5063440
17728
3322
254440000
3310000
340000
202200
340000
26500
100000001
3494800
326800
4050000
4050000
100000000001
50400
30200
10000001
218780
3660000
100000001
1779800
1000001
100000001
26547556
406000
9193600
100000001
1000000001
1000001
134095080
20003
110000
545200000
2857000
100000001
229024000
15395896
1000001
746000
100000001
10000001
1000001
1010000
151735600000
11946000
25488
665
13888
16860100000000
6037560
862
1134200
25400
78
3199
100000001
1356000
42200
10230
10000001
10010000
65797600
100000001
100000001
759210000
100811668
3673
192476800
10725
100000001
47532
780868
799
629960
1010000
10000001
10000001
132010000
1000001
10010000
10000001
97318
10432
10635
482800000
938000
3298
100010000
659660
100000001
18410000
10010000
607542.4
50200
292010000
22446
1000001
69906
100000001
238624
22600
156186200
1079700
469600
2654000
10000001
1000000001
21724000
14610000
177130000
233
26585
9290000
124090000
2346000
63730000
270110000
740000
54610000
232640
129600
599
103270000
19600
226570000
12596
1662000
5111
32500000000
3050000
100000001
1010000
431
31400
221654500
9873
223
10000000001
10000001
78904540.05333333
14950000
451200
14610000
1000001
5654000
15100000000
695344
10000001
186400
100000001
7321200
42100
2915
1062928
2795000
2795000
404010000
6227920
443960000010000
2003
63100000000
4430000
1061200
20000
62990000
9240
58564
5562
133398400
67368
110000
1056200
31800
31800
450000
2201
20406
73600
2595
100000001
100000001
311
41738000
6134000
100000001
1000001
100000001
10000000001
100000001
35200
11160436.266666666
10010000
10000001
100000001
156784
29600
99
284054
12458
6322000
825
412
4780000000
958000000
20000
10010000
1167
100000000001
450044
211700010000
10010000
261150000
10010000
11893094
690200
29400
204000
25714
21600
326200
1710000
1047274000
170010000
67600
170010000
1010000
10010000
100010000
20000
311016
1010000
20000
740000
15000
16600
1000001
100010000
10010000
18782
10010000
8090000
2001500
68200
3120000010000
21572200
250425550
9802
56069
78600
10422
344
18568144
3168010000
11496
124560
100000001
43123800
980400
138000
49600
199
674000
292
1759200
401
78800
102213.33333333333
30
6220
2338000
14655600
100000001
1000001
513930000
2019
59290000
100000001
2782
10010000
110000
20000
15000
15000
36
46698
312
26200
82
272400
12
10084
1010000
1000001
11170000
35810000
351200
7895666
625360000
1010000
765100
11889872
135549400
125860000
35810000
3904800
125640936
35810000
3276750
2726467000
2623400
2419000
17300
10000001
10000001
1000001
100000001
1431000
96760010000
493800
152890300000000
2501992000000000
35955200
7081488
10730000
100000001
821920
68965072
100000001
10000001
10000001
153
70400
667000
142000
42400
10000001
163340
100000001
100000001
27292
288000
1693
3087
1000010000
10000001
63056698
568000000
15000
41
21642660370
3623210000
180200
180200
100000001
53000
11014
682000000
273800
8518600000000
1000001
410500
48200000010000
1010000
100000001
270410000
1012000
76800
1000000001
12761
1000001
1010000
1460000
769200
647104
30418268.8
269088436
56844414
100010000
2957800
4518987400
330450
43800
17432
11410000
10000001
100010000
9460000000
337000
13344
40400
153
33677600
10000001
18130000
197110
357510
100000001
5082000
157376
2039440
154960
69494
176100
3550400
194000
93
10848
60410000
846540
4845833.386666666
236800
602239560
3030000
1492800
187500
10000001
37400
209933200
110000
1404
148000
400000000
6372
1000001
1010000
1000000001
248
118000
2090
75000
27012052
5224
105713800
27800
36646000
100000001
10000001
1010000
44448000
1330000
10010000
56330000
110000
10000001
100000001
1000001
1000001
1010000
100010000
10000001
9802000000
2600356000
1000001
1470000
327200
100000001
5140000000
800
57700
4820
2014
1000001
100000001
517100
2818000
10000001
10000001
1000001
10000001
1010000
1656
42700
1000000001
1850000
8610000
3792000
226700
18298
28010000
20000
28000010000
100010000
101600
100000001
1000001
100010000
14754400
1000001
10000001
1000001
1000001
634000
10000001
1909
184010000
147100
423
1379300
100000001
10000001
1440000
4995764
12342
186
3021000
10000001
1010000
329432136
3400000000
13810000
1390000
100010000
15346000000
100000001
10000001
100000001
152219200
110000
2425700
36573010000
3436000
1000001
1470000
973456
111904
382400
1000000001
10000001
973
100010000
10000001
3396416
19242
1000001
13202
13498
19067920
8410000
966210000
100010000
100000000001
5655
29
15000
15000
15000
14862
75700
75700
141400
146010000
608994
100000001
1010000
740000
130000
740000
10000010000
10010000
1000001
164000
163210000
61000000000000
160600000
100000001
100000001
1187440000000
10010000
73
1749
1068500
10000000001
10938
21180000
10000001
10000000001
100000001
5052840
370668
100000001
131290000
30500
73
22000000000
329950000
1000010000
106590000
209500000
32130000
457720000
106590000
100000001
3617140000
3617140000
430000000
10000000001
236875000
209500000
428500000
4304800000
219000100000000
399775000000
146010000
7301
100000001
33115500
1460010000
196300
18077500
220450000
265233989.33333334
3152650
20000
11760
11
100000001
10000000001
10000000001
2976789400
400000000
100000001
10000000001
100000001
200003
250000000
25231500
468670000
1533010000
100000001
3516400000
149384500
100000001
110000
2628010000
1389294400000
1000001
30670000
100000001
100000001
581800000
1898010000
2419000
379424
2075637.4399999997
10000000001
280000000
280000000
10000001
23370000
10010000
3766900000000
15388300000000
10000000001
8761
175210000
2117010000
4050000
2851025000
193186250
25185100000000
140953000
353056250
406346250
3241292389750
3890800000000
59140000
219831250
74105000
430000000
20000
1143400
42121000010000
1762000
1000001
114415600
4480000000
1000001
11320
14603
833650000
544283840
4745010000
242870
304
919060000
170538000
2190010000
146010000
635493250
27280000000000
55135247500
224015320
1000001
129375610000000
136069435000
7609856045500
15068560000000
304
23509696000000
113970536800000
2334202000000
2518600000000
156682600
50830000000000
7464855034000
7817743000000
226810
1000001
31974100000000
52789000
7301
31974100000000
100000001
401816600
21210765400000
1820219950000
15068560000000
8952820000000
746000
5333116480000
170600
16498684000000
3617140000
85278700000000
802000
124090000
176317120
10000001
424392
2254000
10000001
722000
11100
6475000000000
4412950000000
10438724800000
2190100000000
4050000
740000
1909998999999.9995
4539040000000
112708450000000
55423001981279.99
10592200000000
9312760390000
100000001
276355360000.00006
11968201090000
13367
1971010000
839417500000
438000000010000
8968150000000
15000
4818100000000
4974654887500
21657688900000
14610000
62790000
14603
1792660
9345504963400
826627900000
16095564880000
62673264722188.2
2442027400000
11316
1459713100000
69654572800000
15582000
7
82732825000000
14068660000000
266960
51158500000000
2959200
11681
11681
1273837579999.9998
4013173.3333333326
106120000000000
216
81773605000000
30222100000000
39430000
4755000
2401600000000
459680
13473146.666666666
110790010000000
30535270000000
5435680000000
12046
12046
240910000
116865070000000
231532540000000
1000001
218423200000000
12618880000000
100000001
130000
4309.666666666666
15696
30879100000000
25675222000000
100000001
100000001
12411
10000001
41850548860000
43800100000000
156373037583616
110000
21362673999999.996
1184050000
10000001
395440
108152155000000
54322823200
81134125000000
120000000010000
130000
79840000000000
186525000
4029648400
4380100000000
10000001
6180000
6281168482000
17644000000000
130297600000000
15330100000000
6714640000000
10600000000000
4270940200000
100000000010000
8716993000
39929440000000
379380
120861820000000
57553300000000
27446320
6175900000000
3952730
13141
2200000
13141
92980000000000
9920033500000
3996850000000
170600
309101464000000
2527644700000
5476360000000
495697000000
12411
14610000
182120500000000
46720010000
339451
145540000000000
9744176500000
13506
225416800000000
15987100000000
6068765200000
531950
548010
3384547900000
9493893100000
416737800
26231569600000
1000001
60095233000000
1010000
27750000
3081114640000
100010000
109950400000
3066010000
3700000000
10207872520000
2014462000000
17937514000000
8531242810000
8983907800000
170600
16800000
35467972000000
110000
1616000
21350898370000
14236
50509409050
95089158550
2617884400000
228040000
45640000000
1807300000000
10000001
100000001
43594
18410000
75538
10000001
776500
57073690000000
59502400000000
88600000000000
6060100000000
6045372501400
44530000010000
220120000
11059506925000
146000000010000
275200
136656100000000
922500
4785009100000
1506500
1000000001
1000001
2054000
5145515950000
37754913014086.59
5220010000
6416395600000
299080
1656150
225925000
655567000000
14610000
15000
47577485020000
14603
15107248540000
1759500
2290100
885800
49016242000000
184960000000000
91200
10010000
10000000010000
514750000000
1703428000000
28349280640000
226300000010000
14610000
30200
5915290000000
15000
100000001
30670000
167264800000000
6714640000000
15331
104469837316000
4892944000000
2512370200000
4909591776000
427560
57200
30013120000000
34000
15000
67544288800000
28908100000000
15123400000
3286141000000
9177350500000
15330100000000
23162153200000
31400000
29919770500000
60225100000000
299300000010000
255500000010000
3997087.8601481477
2784000
14241012649600
1470000
363320
4380100000000
1000001
11599600000000
119269656883839.97
29628922.666666668
16061
1000000001
3743369200000
453200
67890100000000
2713694.933333333
194484400000
10636000000000
2837792500000
10710000
10000001
158271400000000
371350
5115053800000
16000
3554951.051160493
2136200
16426
935339500000
9910000
177695605000000
7993600000000
1460010000
1160800000000
2190100000000
10000001
182500000010000
170600
1507674100000
203356000000000
49200100000000
17192511806500
16791
9482389375000
216671024800000
39709543388160
26404000000000
304
4168591426000
834621400000
43800100000000
7119823600000
5310182050000
43264900000
7608002632000
64720025380000
10749512080000
20003
1811668000000
37170000
317841625000
2266170400000
50143325500000
41566300000000
5836067500000
8441236000000
4193106411999.999
979000000
88600000000000
5485000
276355360000
17521
17521
395440
17521
18981
118129376000000
1154841010000
20184400000000
3285100000000
57086000010000
20003
170600
8393275000000
30112600000000
1098646705000
9960001000000
8905229378200
1000001
125947265950
18344800000000
100000000001
4946010000
100000001
100000001
100000001
1000001
473000
740000
447736000000
39688540000000
200003
10899237250000
22806268000000
130363693856339.6
1008649881983.9999
19106236720000
220000000000000
120710656000000
50463778000000
3823567500
991194100000000
61320100000000
18251
347260
18251
10000000001
71941600000000
6570100000000
5694100000000
25630000
89060000010000
17958144221647.996
576000100000000
23421767500000
100000001
9376475500000
1000001
1000000000000001
11784980998000
419530
229950100000000
42458287750000
63
396000100000000
4636130162500
1032000
371350
10010000
3893690800000
16903136350
422200
11320
740000
9603250000000
1000001
291050
100119400000000
3123424000000
19346
411200
10000001
4161100000000
1543000
120010000
3
1726696000000
19711
100000001
110000
100000001
15340000
219010000
11124213760000
10000000000001
59130100000000
241900000000000
2900800
26280100000000
29815494400000
58548700
53076940000000
5454000
626000
241723540000000
438100000000
3197500000000
150000100000000
2190100000000
1470000
16475416000000
43362100000000
1000001
3942010000
581800000
1470000
88600000000000
85239020140000
20441
20441
1769200
250000000
4836880000000
1908000
23370000
12198181000000
242870
592897960000
3587000
3197500000000
1981000
740000
4688776432000
3267851872000
1213469335750
186660
1470000
16838933.333333332
23237204500000
550692280000
40321625200000
170600
283020
170600
465081895000
2406856000000
4244000
10951
54390185200000
584740000
10000001
54355900000000
478000
10010000
29210000
435590
4050000
10636000000000
187847350000000
4025000
1563305142400
170600
92810000
20570000
7661851000
1000000001
15144566350
3286141000000
3890800000000
481900000000
1000001
10000000001
56816
11936
400000000
178853500
111899140
10731100000000
1717743280000
51903100000000
52068872800000
102316900000000
22000000000
100000001
86340705.145679
147825100000000
1000000000000001
29794912030000
15443542000000
10877000010000
12226957600000
36558285400000
7884100000000
608245480000
6504400000000
32583917200000
100000001
1298560000
12970353100000
2877766821120
2003
2492000
14610000
100000001
2188000000000
97520800000000
438000100000000
1847.2666666666667
181232.26637037034
1762000
112148905000000
499830
2578003750000
28908100000000
25648867443200
22266
315140
18858405.333333332
127144000000000
31718308000000
30660100000000
507860
663576
1000001
49659700000
19031200000000
1462520843520
75390606390240
1771491564800
1200000010000
30000100000000
64
776500
4411144000000
4327141420000
30790175800000
68890000000000
1357900000000
15237058404800
20367538000000
85
1000001
16290000
101178100000000
388131355404830.3
2772638560000
30623518240000
423410000
740000
11872500
740000
22936402180000
14610000
77737600000000
12012100000000
27410524000000
10000001
130000
48777040000000
13141
113020909000000
1585978426000
240805000000000
1010000
1706839625800
383395785600
3169661304000
1210000
65700100000000
12035313437500
19615000000000
31974100000000
15774472900000
10911940000000
2445400000000
16392359143284.145
103846837150
1010000
539980
2346000
17125114611250
62010000
74457953800000
294191
16731965.866666667
49188
4118296324000
6372198460000
242870
170600
11747282200455.664
323756
238346
1928132200000
3011804080000
22640000
170600
20000
31698324250000
1150000
1182208000000
459726250000
2499708496000
170600
1308476080000
2206945480000
2248
10311715000000
186660
9064729000000
968010000
2402321356800
170600
5550000
412000
13421186500000
10000001
7434055000000
187847350000000
1808720
495697000000
11316
2003
100000001
100000001
1000000001
100000001
101059300
10000001
100000001
2315600
48506000
10000000001
856076
10000001
11276
137016364
100010000
11100
10000001
18253
127096750000000
144000
8920000000000
20459632192000
130000
34042720000000
4380100000000
285700000000000
228287179000000
3022300000000
2334202000000
250900
20669003200000
959000
1328590000
72318667250399.98
55415390581333.33
10636000000000
106276394492047.98
6175800010000
100000001
2518600000000
625991050000
213286896640000
23829436000000
34428000010000
1068500
13702000000000
1470000
1000000001
1000000001
5883316000000
56611600000000
6132713200000
54750100000000
202000
1806850000000
47001880000000
42012
160
49879540000000
100010000
2277700000000
3461998000000
1034920
193859242600
3424000000000
995500
53380766020000
15323639500000
4301266460500
300000100000000
58272715000000
5937600
2917727500000
170600
91646290000000
467710
15976708450000
1297205245000
443620
10620264100000
1287500
48180100000000
120957742000000
398137931200
61
10010000
959000
110000
86170030000000
268439324.8
218780
1000001
959000
740000
733743430000
65400
3286141000000
242870
100000001
8610688000000
42924100000000
17178844000000
5995937500000
100000001
188847250000000
210750
16087000000
1438000000000
9952720000000
14611331800000
37669450000
7301
210750
31959624850000
1068500
98298160960000
100000001
40241050720000
17530000
37230100000000
9705296116000
395484
10000001
124
43800100000000
8160040000000
242776000000000
1802030952448
1215112000000
8507901790000
14610000
14028692500000
47961100000000
46362400000000
1309435300000
12989537500000
6626694447200
23791067200000
1095209500000
110070595000000
278534320000000
170600
14603
34120
2181759040000
16790000010000
18990000
163060000000000
6294403840000
102213.33333333333
170600
40442000010000
19664110000000
884860000000
186660
24895837000
5711300
19148442400000
2164503991750
3514755100000
3954397600000
170600
740000
28543842310720
20003
1000001
481900000000
438100000000
4156720000000
1652500
281320000000000
12386861200000
170600
257680000
304
71780800000000
170600
13885522000000
16704022626700
2255618980000
2098754536000
1533010000
48180100000000
369400000
1341000
35586
1000001
21044
100000001
1187320000
11112
100000001
6234256.000000001
61210000
22391920000000
319740100000000
9160651000000
26834992000000
106590000
7434055000000
101203330
52037785000000
21227072140000
1871500
5462370
14600000010000
295060150000
44400100000000
1000000001
89250905173041.23
6874510000000
277400000010000
108711700000000
5018419300000
205673749646159.62
98480020000000
20143720000000
31974100000000
10000001
3677110000000
170600
1470000
53560000000000
146000000010000
70291175140000
100000001
7416709105000
1000001
4156720000000
6458848000000
5499600
305351800000000
3647134375000
22102840000000
122181460000000
5310182050000
1460010000
9952720000000
64948000000000
17404187680000
10000001
670754650000
122816212000
60822638080
4197400000000
20877877.333333332
7272100000000
15807980387200
2190000010000
14588950000000
33572800000000
4237696000000
39929440000000
44763700000000
2408262856000
740000
146000000010000
8296
1470000
20000
300000100000000
50470000000
23791067200000
3882880000000
319740100000000
20272000000000
170600
112909000000000
27010000010000
14013418000000
304
3149000
7394800000000
58526341840000
1528400
104451164500000
26499265000000
13264000000000
19600
11743264000000
863398000000
32654260000000
3357370000000
438000100000000
154475200000000
16592800000000
740000
130210000000000
10010000
110000
4796200000000
1330000
111690100000000
602250100000000
3308689585000
12012100000000
100000001
1000001
14603
5266000
831424000000
2156200
10000000001
39600100000000
1684000
1460010000
2290000000
383688100000000
10000001
5239839250000
284668600000
35838444080000
2003
14603
10227400000000
740000
3197500000000
1046600
49680415000000
4155281170000
100000001
127144000000000
2160656200000
7301
6486738400000
7301
255500000010000
18394385493333.332
319840000000
27020000
13392010225000
194690
59968582400000
1150260
20877877.333333332
170600
715198510000
1650000
5133140
170600
3798611200000
280000000
14454100000000
1030
130000
12010000
23
102213.33333333333
198161200
215824600000000
170600
100000001
100000001
2025800
101148400
100000001
5245560
2616549000
22681000000000
1317246028000
170600
167564
3004
170600
7301
146010000
15331
14603
12046
7301
343110000
10010000
159800
966753955000
14812768000000
2959200
319840000000
4506779840000
242870
481900000000
304
427560
20664010000000
2188793320000
967
75139000000000
387410
26280100000000
7301
1000001
14236
76837600000
11681
20076
3623793355000
20806
331786
25560000
7658000
481900000000
100000001
83040
147645400
601008
113983816
100000001
4330000.000000001
233131240000000
81533800000000
2334202000000
3151137700000
107432740000000
202720
1010000
9133878649600
7913665000000
14603
254406
13141
25551
202456000000
13506
8396
3197500000000
13506
1096808200000
15331
12046
12776
266170000
20079280000000
135190150000
1000001
14610000
1175264402500
13473146.666666666
14610000
41326495000000
9112690000000
1237493800000
18990000
1010000
1000000001
46362400000000
1164100000000
140621752000000
101917225000000
204400000010000
12254848000000
170600
7130302000000
22000000000
8761
10586
10221
92824600000
2744623000
130000000
4463000
21900100000000
1470000
31974100000000
1500100000000
31974100000000
146010000
13473146.666666666
170600
14603
17156
7301
22266
12776
19346
17886
7301
28836
421594057600
9760000000000
18616
5499600
3263227170.133333
20877877.333333332
865972500
258930
5611537000000
1543000
740000
186660
438143800000
45044656197098.06
33590000
18260000
2206306000000
740000
1879285000000
6893694400000
10231780000000
1879285000000
170600
170600
2055142000000
35292115000000
54995380000000
10586
22266
45270000
13141
15696
10010000
12776
21901
14236
740000
96022000000
107212900000
1732010000
622986
107912350000000
170600
10919221000000
2346000
459680
1847.2666666666667
9496378000000
2857000
27641623000000
13943075200000
326311
319840000000
304
100000000001
102213.33333333333
256231
13506
21171
1470000
9491
7666
71783600
740000
2309500
24091
10586
468000010000
212260000
406400
109540000
4572382000000
94323400000000
186660
740000
75238900000
36135100000000
14610000
219000000010000
655567000000
8044758400000
6308560000000
3658957840000
130000
50400
304
14610000
170600
80810000
10586
14600000010000
1470000
23361
14600000010000
1000000000001
16791
7301
14601
258930
7301
119116800
792548800
10010000
100000001
100000001
7402081000000
6949523681200
14610000
6031214213095.109
3285100000000
1000000001
170600
40389540000000
43462000000
61
11100
20000
63
120386188000
740000
740000
10636000000000
12931
170600
1703428000000
1010000
64
4197400000000
130743100000000
7301
19647000
740000
1000001
22821040
105100000000
1688327200000
4597610000
9033530
2182600000000
869916400
19346
740000
7666
17886
7301
8031
74900
31800
527671000000
86969380000000
11884835800000
218780
170600
170600
58964800
5478430
14601
255500000010000
1718800
133235000
11510
170600
101597485000000
1746
849400
1400000
5639030
11316
18251
7301
1360500
18616
11246954500000
740000
23361
1579500
1017900
164665600
64948000000000
68145400000000
58052875000
20166741280000
9760000000000
15648000
170600
9358780091317.332
4456750000000
14603
234486000
1226208000000
2784000
10498762900000
379610000
5973642550000
94673800000000
170600
7301
3197500000000
7666
120010000
13871
16791
5881600000
14610000
12411
7301
9126
100000001
103240000
117460000
68744200000000
8792950000000
33572800000000
8089522000000
130000
170600
274990
1460010000
479710000000
740000
63287104000000
51594058900000
169462300000000
234840
194690
15638315.733333332
170600
458926900000
335827000000
7301
47460000
1071229000000
170600
7301
1322806000000
7301
7301
30200
15000
1482000
144928000
7301
7301
11681
7301
285700
62700
7301
14610000
7301
7301
7301
740000
16500
10586
103303300
2453
100000001
11100
100000001
1000000001
29
193
10000001
64868
1000000001
7364
648328000
85306
20000
74900
200080000000
100000001
100000001
100000001
308570000
10010000
174296
142088
1000001
45618
41328
100000001
91608
100000001
1468060000
92750000
100000001
7301
4496425000
7666
15000
69742000000
6482500000000
250900
15000
24100000
12046
283020
15000
22100
12776
100010000
13871
29732010000
14236
81
14236
14236
2718800
14601
14966
177700
93163524400
155800
284800000000
330400
16426
16426
10010000
2024800
17156
17156
38425000000
24190000000
17886
286254510400
110000
18251
426226600
15100
15100
20400
218260000
6211360
128000
68244587500
23726
16600
148552
23800
17400
151
15610000
2172973105000
49312
204000
7301
22266
25551
2289635500000
17156
2465200000000
227
7301
12046
21536
15696
514750000000
2708297800000
278033995000
12430705000000
629588125000
9281000
46356
1000001
3064807900000
1000000001
100000001
1489397761600
61686
32457688000
1527670
2250370
72271
10000001
7301
18251
7301
7301
18251
18981
16426
1390009780000
7301
13871
19711
10951
10000000001
10000000001
168700000
29800
15000
165710000010000
22266
242870
2234626970500
242870
2113860
19394642200000
14236
43801
2016250000
20000
6625912150000
18251
7301
7301
7301
11316
10951
14966
1000000001
11210000
14068660000000
14145310750000
1436218604800
14603
1087216000000
9856
14603
864261298000
48734624080000
14083760800000
740000
3122050920158.8145
92092200
323170
16061
22200
6478240000000
304
12028872275200
165513511000000
20076
7301
4609000
13141
26070173920000
7301
16473104800000
10586
9856
1835000
16791
1000001
146000
1426939750000
34800
1871500
182554766800000
2046436000000
266960
60195951100000
3727890
7529977000000
100000001
347490000
222539140000000
13473146.666666666
7301
27660620572444.445
44800000000000
11681
52196
12629775124000
183231
89083642000
14601
13871
10000000001
19346
3806000
4086
18251
8396
7301
15696
24091
100000001
103600
51210000
14670000
10000001
239864092030000
192721
5034
2222020000000
13285900000000
205861
25186
4603160
18225077498000
278035000000000
100000001
235306000000
146350337000
5225551600000000
170600
1805800
43153000
215716
1163400
788
231212800000000
7301
25773280000000
304
2498783440000
16791
22996
100000000001
9491
19711
223746
1360500
22266
14236
97821
7301
2945771200000
100010000
10010000
23600
100000001
662010000
1000001
229221
1361952595000
181210000
735502000000
4759610000
47825000
1000001
10010000
15000
11100
241996
9313240000000
301454950000
27
8508250000000
9232592500000
194000
9532
50400
14966
32141800000000
2825100010000
11316
28471
14601
7301
2003
1470000
14600010000
10000000001
15000
100000001
100000001
132325000
1691700
46900000000
563900
10000001
30000100000000
332904600
19501120000000
14610000
14808058750000
1773715300000
2003
33612191968000
170600
54636385000000
30898021600000
395966116000000
757
44200
1865000
118450000
452590000
110131000
2290100
110000
20600
416700
100010000
6370000
89210000
8641
1376200
30200
87
25600
10010000
28100
1010000
67245400000
15000
15000
36900
1743
11100
2830
393614
1166
110000
20076
15000
40
12
7301
100010000
22996
33975672400000
2419000
1458034465000
17156
26281
28057285000000
12837661000000
7301
6620784796000
14236
15000
2290000000
7301
7301
16426
18981
19711
346021
3222000
7301
740000
8396
9400456000000
22631
297841
7301
291050
7301
48700
75400
100000001
1000001
5971300000000
3608685640000
1180065298600
309156
14603
1010000
1460000010000
1292455000
319741
170600
287776000
4214800
14603
8041081390000
23361
32120000010000
7301
355200
1207
15959032750
1470000
57
7301
2641
202720
19346
7301
7301
20441
6256000000000
15000
3207
8396
17156
234840
14966
7301
85
16666
1010000
331786
111640000000
2600010000
18616
7301
23726
4623600
13506
11681
14236
11681
334706
443620
7301
11610000
102115000
27930000
2186000
217000
1397320000000
341641
440023871200
29698630322500
8269414918150
876147632500
2387584000000
153954910000000
7791070
356606
22302683894800
18072604150000
58493316850
7301
289200
15610000
14603
8761
366826
7666
20806
10221
97386419200
810634.6666666665
15100
100000001
289600000
22170000
10000001
10586
14236
10951
16791
7301
13871
24821
170600
100000001
58109072
123898600
157816000
100010000
2728000000
100000001
7301
42350000
14603
21536
7301
20076
9856
16061
7301
23726
9491
9126
21180000
1426200
1841200
5375710000
146010000
10000001
2900800
436889109.3333333
740000
7301
18981
110000
16791
8031
1470000
14603
24821
16791
13506
22996
8761
11316
20076
316819050
14236
29210000
298434000
11320
43080000
11681
12046
496410000
12046
23726
7301
183596
14979919000000
21536
18981
151600
1460010000
106590000
329596
22996
12411
15696
7301
10000001
18251
14601
7301
14601
10951
14966
8761
16426
7301
445310000
7301
629980000
323170
2492000
146010000
190255300
1825010000
13473146.666666666
13506
19346
16070000
7301
7301
22800
24456
14610000
147090400
21536
304
167910000
12046
17521
7301
7301
17156
1000001
298206
15696
21536
10221
22631
16061
17156
12411
8761
100000001
270110000
14610000
1000010000
170600
5715910000
1460010000
7301
7301
14610000
288351
12046
22266
1616000
304
14966
162600
110000
1847.2666666666667
1537144
110000
7301
351499600
9856
7301
395440
12411
7301
9856
14966
4684
17521
7301
21536
3660
300761
170600
146010000
130010000
100000001
1287500
1825010000
170600
1460010000
194690
395440
291852760
128908000
11100
100010000
481810000
226310000
15331
15696
51853870
483770
14610000
14601
24456
12046
7301
1010000
1010000
100000001
12046
19346
20806
23361
170600
170600
16406740000
7301
7301
7301
7301
7301
7301
7301
