zxcvbn_guess_number_linkedin
2
22802
3
9
47
5
4832
22
6
4
23402
27
285
1085
1189
379
123300
58
163
1081
198
135
326
2978
10
604
126
25
222
3
687
69
10
28
304
97
58
1874
2003
5796000
2464
525300
1000001
127
978
17279
16520
3178
1320
11462
3377
103200
28848
176
12679
6
19954
2067
22408
1856
10583
65328
2794
1541
274
12860
42
10000001
529
5675
1054
2034
26275
159
12563
2209
4348
2405
1305
839
2108
1705
10000001
242
1000001
10000001
1353600
13943
821
15633
6390
22640
5827
6653
112381600
1109
4457
100000001
829
2916
122
694
18559
7578
27600
942800
595
21027
499
904
13974
5226
10000001
292
24463
13583
1000000001
11855
2588
15000
5623
70
4480
278
13845
29136
42
245
1183
2611
105
709
73770000
868
14128000
10000001
689
130
11214
538
3794
206
302410000
1051
11100
7830
27060
103
22964
667052
3936
626
28702
24876000
25994
454
220870
5415
11750000
17769
367000000
3982000000
1101
265
2671
75400
655
1686600
5275
1413
10000001
29249
21
562
131000
1211
1035
18
118000
400010000
40010000
14120
11782
3621
120682
1791
34024
1872
3016
3523
15995
697
295322
369744
17
181
2049
413800
2481
16710
20003
53824
950800
1170
34700
585000
27600
1000001
15000
43418
28755
117400
166
133546
4110
10879
47686
12225
266000
2297
410500
232
1079
27100
172
11685
2375
264
229
882
73
7377
4570200
17
136
5456
1257
3799
167168
10000001
1721
280900
60
366000
791
350470000
10000000001
124
6439
784
448
41372
375000
2825
11777
3025.0000000000005
1147
1622
5524
337
3517
2003
3139
1028
1763
616
8251
723336
16693
600010000
100000001
28057
55
304
1056
610
116038000
14192
760
15000
3
1377700
47272000
87286
110000
5
422
110000
370
6535
15000
1831610000
6092
6170
100000001
14225
2056
28646
866
1167
26218
40200
1000001
10000001
78600
344
10000000001
5248
729
8454
44200
6478
1069
16500
304
152
69
12912
2655
545
10981
198562
8572
11821
15000
24522
145
1000001
737
31200
173
6460000000
124
315382
803
12255
29800
755
404
448000000
26216
11210
409
16
4641
499
16953
569
6033
40
2841
39832
237
6954
3158
11100
24500
1965
2252
101
22709
7347
7341
13535
15136
3344
5917
529
559
9278
74
3763
1640
463
15000
315200
60900
510
31
11340
76200
11100
14962
7162000
773
11223
73700
20000
3306
8293
410580
1568
1007
1172
576
77500
5091
304
29992
16204
66400
500
146
870
519
17330
27027
167
9612
16622
4015
3900
36800
23400
701
4856
73
241
6226
7156
79181
45612000
4570200
45612000
4570200
2290100
45603
388200
1892
182400
643
6368
17
12844
5298
5129
428
610
17996
1430000
217168
182700
1728
4704
511622
3654
2317
1010000
1142
31032
25
9384
1497
15000
11474
19768
14202
246400
18660
16261
3590000
1000001
581
24900
41200
41200
796
25796
8168
15000
11100
196
15500
740000
16974
142396
12134
22500
74750
22500
20000
27
920
15000
7
3791722
37549836
3248010000
27456
33800
28820
80210000
114800
3359
540
2199
307
3196
9894
2992
990
957
425
1547
1202
14638982
10044
787
12142000
2049
26442
391
424
21044
2768
1457
357
100010000
5937
684
15918
523
182
45500
2762
445
60930
375164.8
73400
348900
3483
4230000
10311
328800
15000
2486
24714
680400
7827
100000001
242000
8156
606
5930
1445
12231
194
13638
6133
57
24009
104
3589
14180
268
1084
288
110000
1000001
408
25110
2204
3570
133
10000001
800394
247
204
6966
7199
7387
318
40800
17744
451156
9320
479
172700
3183
12751
1216
110
2226
3274
169
26246
2906
665432002
177696
56000
3749
878
606
3209
641
58
16179
2837
1563
133
62382
1001
1000001
300
23264
11505
655400
17888
11100
14611
8205
670000
20252
1771
1000001
2286
434000
459
426
7459
6974
6011
437846
542
6999
558
878
2635
247
2003
1876
9367
5969
529800
39300
8515
4278
63988
15000
44800
142
11100
9746
6735
13
2001
4321
3825
1913
2783
199860
257676
1719
67378
13905
11672
647
107800
96
580
124500
3593
114
3300
22313
138
14928
10196
591800
149
91608
100000001
3449
1428
386442
444
14796
14796
597
4744
603
1169
1220
3398
1450583500
202
431520
692
94100
1631668
403
11540
4786
1857
1421
420
287
29969
464
8878
7871
385
100000001
398
589
81
1010000
14400
88100
31200
5841
354322
89
465
3625
107
301
2032
11148
883
15000
42
7492000
24184
3931
4448
4418
707
495
360
1399
1168
8453
3543
1772
3941
4076
146
1610000
2568
54044
807040
18200
4948
8807
3690
25285
764
25052
100000001
7817
74
10858
3083
10000001
759
50800
11588
25400
1050
3405
15800
976
1000001
414000
100000001
21791
297600
78
19391
18544
2660
5563
2439568
12655
41
599
1010000
830
7086
219
2595
99
412
23
8136
12134
17659
3478
199
728
26200
958
26039
3010
361
27910
1000001
41
1065
12787
239481712
2252
10000001
2307
16667
15607
2090
27800
150400
1794
1909800
592868
1909
5871
4757
15000
73
6910
14603
15000
20
15000
93
1330000
16015.69333333333
34046
63
97
109
73
15000
15331
16015.69333333333
16426
15696
1477
8031
14236
7301
782100
73
14601
16426
124
14236
7301
15331
43
14966
7301
7666
10000000001
1354
193
11100
13871
14601
89
117
121
15696
13141
64
17521
14236
3490
16061
8761
15331
16791
14236
10000000001
2003
2411
2230
65
19346
14966
15333
34400
42300
8641
3513
7612
540
24
621
2429
13141
1196
15696
347
16061
109
64
12411
343
8396
25916
8761
14601
15696
13506
15331
20076
17156
18616
15331
15696
15331
405
18251
304
8761
304
16426
14601
18616
7301
7301
2400
35
