zxcvbn_guess_number_linkedin
2
7
3
48
71
6
115
126
568
106
42
206
103
5627
117
511
91
45900
184
5
359
43
190
422
69
371
173
950
860
5
1390
414
3665
285
39800
10
214
27
3562
220
1309
63
1540
314
100
75
151
13
52
46
883
5019
299
393
2435
99
492
61
61
4
10
343
40
430000000
2003
2464
20800
359400
805
1
28400
76200
9115
5748
18970
700
196846
12288
105
771
206944
6245
1384
2054
2609
9615
300
1106938
6746
2968
1280
1144
1493
159
1431
841
1460
654
2501
225
8710
9678
2164
10020
1979
1884
354
24342
117
6653
283
10010000
1134
1126
2916
22430
11100
20000
15000
12420
80
415000
73
1433
7826
3058
22629
2677082
3373
4275030
139223404
11628
1183
12588
2109
26471
27785
19605
1491920
964
4496
1800934
52100
436
4973920
2059
20000
8237
5356
660202
635790
1000001
2188
11100
592
116
231
6892
30636
939
20120
4353
69994
3064
355
2207
20517
424
1252810000
30100
11100
3704
1517
6219
10717
225
9519
313
3346
1713
18700
2003
477
3507
617
21
14004
192028
1994
32600
5693
55900
979
90600
1859
4394
82
568
17919
216400
683
150
491
18400
121
61
17920
532
28400
28400
529660000
107372
312
223800
2003
306
7258
1149
2102
2057
5024000
16952
2718
9344
685
9089
35322
179
225874
198
7715
156
295
1089256
37
3051
3303
65290000
584
80
394
492
73536
4556
136
5102
119
60
5995
200
286
119400
4562
128
5804
508
53700
438
14405
1938
99
160
1176
1000001
1000001
19409
3231220
7691
169400
89700
2659360
902
1188
616
1588
18198
13449
27820
1052
110000
20000
2986
46
8520
1725
5239
1217
12068
95
3130000
1000001
13872
159
13498
160
3948
250200
343
1616
1030
23053
137
18624
336
2981
4229
2337508
4115
215
7709
502
11862
7425
306300
667
8584
20000
628
75186
52
6826
49900
1237
634
27414
16
12565
619
55730
200
3293
26126
7595
146
6125
253800
984
9861
12312
25377
417
2775
8554
1047
341
152
228
1328
27384
5856
1081
26
463
16
114
4975
20000
659600
277
15000
4331
142
13102
1061
8963
5984
1000001
12391
4377
140218
1802010000
61
395
11859
893
3628
127304
38200
16204
1882
57388
360
11452
23200
12764
11080
67
11827
444
649452
1027
481800
73
21552
241
536000
297
4
3438000
79300
50400
5846
1516800
23
2095
49
3357
15000
381
27012
105600
5139
1000001
1989
326
1630
20000
3027
36
15000
24
322000
38900
527
17260
537
10000001
361
14
3524
976
1000001
15600
110000
134
25600
282
230
254
139210000
18545
18320
15000
39
3982
20000
20000
1811
33
115446
183800
581
1559
15000
40
277
11100
13
7
413
577
623200
24700
4390000
14004
183
106500
14620
1001
568
67
795
1823
16138
351
579
15180
1010000
2070000
28723
10330000
15000
15000
9428
181200
857
4224276
3700
1592874
43987684
1320700
1683612
2003
1866
20338
89060
139
787
7616
5901400
21374
98000
881
3202000000
1000001
52600
3484
45397402.666666664
2807130
307800
7938
4933
2217
3701
6628
2003
211
39
199
103527568
132
313620
10000001
321600
26280
1233
34
2790
25482
4886
430
73
11232
23546
2208
51808
2748
4561
3410000
119032
19319
5750000
13891
10000001
237
39600
2003
5838
635922
28452
596
3273
12096
1000001
86
23442
7129
290
1596
124
907
181
108
166000
2275
441
221
2226
2679
1005
29976
8448
1000001
1000001
4392
320
948
276
745
985
26501
20010000
276
89046
12794
131
1700
100001
20252
467
170
1605
617
835
542
250
5058
305878
106600
6005
36202
100001
27400
2349
35600
732
280
20000
1024
20000
19900
1852
1838
7151
24200
17100
72
29543
74100
420
100001
8033
5185
580
47158000
1052
903
438
104260000
92
18164
12068
19400
766
95
3259
2416
21782
202
9944
164
692
6997
2276
44540
10000001
8091
50832
131
11100
14774
196
2373
963
139000
1000001
47
2536
385
180
39
15390
232
2363120
81
3176
110000
88500
2202
465
33700
238
12611
6627
19001
19271
186400
5532
8429
361
25290
10000001
11540
18470
10201
14070
1108
41
824
2505
1221
4982000
11496
23600
69
14867
4076
19608
3815
1155
36000
104800
794
12181
527752
1040
2003
2717
44100
2003
1343
10000001
100001
11100
12574
1668
1057556
69400
635
713
13
2811
155
5
144
651
4019
59
2967
29250
23340
22313
43000
34046
101652
2568
3630
25317
11694
17700
78
54
11386
64
10000001
1185
119
162
1266
13124
219
637
10627
12024
23
176
49600
126200
30
13652
18712
11276
26600
25994
167
15000
36
19814
3676
8850
325
852
1370
14972
13344
153
305
152
1953
15830
3234
3125
1372
212
724200
22508
4757
25
27
14
10847
109
73
76
39
10683
73
12776
12776
304
30
497
22
64
11316
121
23
13141
14236
13141
19086
12411
11316
12411
12776
14236
304
11316
14603
73
10951
12046
12411
304
7301
43
7399
61
283020
20000
13871
201803.73333333334
243
12411
14966
13871
13141
249
1847.2666666666667
12776
493
260000
214621
10586
7301
12411
8
24
40
12
13506
7301
11316
8031
7666
7301
10951
7301
7301
57
7301
5177
12411
9
7666
14670000
13141
15696
16061
15696
14601
14966
13871
13506
2161.0000000000005
7666
12411
12411
12046
12411
15696
11681
7301
12046
13141
7301
13506
12046
7301
11316
11681
10951
13506
16791
12046
10586
7301
12046
35
