zxcvbn_guess_number_rockyou
2
6
48
7
3
60
16
27
14
45900
69
31
5
190
1169
2945
45
167
82
10
9
19
232
7425
3645
875
109
360
10
7
857
1484
11
7
13
3844
96
42
212
3
61
12
28
127
6
113
7826
651
4183
275
689
21
124
18
7209
5390
82
4
6648
4556
136
200
791
100
109
43
95
2415
5825
26
8019
414
2496
163
1122
57
39
33
4529
4933
211
132
63
2226
906
385
112
270
10000001
69
393
64
41
73
4
61
661
195
9305
117
655
26462
2916
122
111
955
1617
11
1433
801
11578
11628
422
47
35
42
53
2325
99
14510
20242
515
104800
13084
3507
2003
711
32600
1703
115
361
1070
685
179
460
8
79
69
198
633854
5995
179
1188
346
11100
4446
3240
2276
63766000000
112
4893
152
65
2981
173328
21
1426
860
146
163
101
22
5
1411
405
81
2775
121
559
364
11674
10753
1172
61
577
1390
266
84
1102
2344
241
5846
7152
37
976
134
254
136
56
1000001
4794
314
252
161
18448
220
183
1158
77
76638
3030
16020216
2974108
2768
100001
12988
84
54
1567
3713
34
3172
288
19284
849
32
221
278
8569
2189
314
1058
268
1409
250
544
97
411
15434
13
782
1065
111178
44
219
19400
106
2092
2238
246
398
81
608
5552
45
883
4925
361
4747
125
949
2087
7234
8169
93496
2003
138
15766
4980
299
43
713
817
15950
3361
250064
2606
162
427
978
119
1790
99
199
401
761
30
3676
188800
431
2840
247
93
23762
649
29
81
97
10586
30
73
20
833
13
5261
2248
1030
304
304
304
69
429980000
304
224
8
2161.0000000000005
15331
35
10000001
40
58
247094
35050000
282000
50200
1000001
17110000
17392
210200
2003
1000001
5723
10000001
10000001
2190010000
1000001
10000001
2003
7189730.133333333
1654000
20003
1000001
36800
5415
1000001
750000
501600
344312
1000001
100000001
1000001
45332
2670
170600
10000001
10000001
1485
1000000001
1153600
1855
1174
404010000
1000001
100001
1000001
10000001
1734389.3333333333
184000
3400000000
41610000
110000
379600
203587000
97
349
1000001
682000000
55110000
430000000
348000
1731.0000000000002
3842
1000001
44410000
304
30200
1583
16600
16600
15000
1010000
100001
6726
100000001
160800
241286
1000001
826948
436900000000
23509000
135425500
20000
20000
100000000001
100010000
698
6860000
100000001
2003
546610000
219130000
10000001
77300
672900
186000
12600010000
304
30200
2959200
1006166
75824
522000
5130000
1000001
32162120
6320000
5490000
75
178800
100000001
1000001
100000001
10010000
970000
1850000
177808
347200
1000000001
114664
54044
1374410000
161184
5050000
1009
5044810
100000001
1000001
100000001
11848
1600000000
10000001
1000000001
412600000
100001
100010000
1000001
1010000
30200
110000
10000001
15100000000
10000001
305800
421110000
29650000
477
23861920
1000000001
1000000000001
332
10000010000
10000001
136000
10000001
1000000001
414000
16796
1000001
1743
10490000
525
422566
12210000
8707
3734
110000
9698803840
383
178000
26060
620632
2135892
1000001
3016
1000000001
10000001
771700000000
130000000
10000001
15068
650552
48700
1205000
9
672000
14620
364
20800
4
15000
110000
1201
1080010000
122800
565
684904000000
10000001
8915800000
498662996
528000
100001
200454
191800
113518252
1355400
16522600
1132
457800
10583
4046909200
5149
181600
341804
7990
12781
6184
11100
105
472
34530
2240000
525
263
10434
100010000
48016.00000000001
40480000000
195903100
124010000
240000
234000
771
105800
18810000
650000
10649
17502
1911
1499
15000
15000
1000001
6245
198800
50400
100000001
8596
32800
10010000
188400
274
257000
109285600
10042
178000
303400
12156
8304244
11914
1000000001
346
57767600
2609
141844330
5357
25950
10105
12222
43992000
15324
373000000
43076666.666666664
1170000
2370000
1000000001
10000001
1000000001
2874
3682
1000001
975010000
31810000
1000000001
3421800
3390000
100000001
183
30200
199882000
10010000
704400
41526
284
210422280
5016
44223488
814010000
10000001
21286
708300550
45882
21600
18300
18300
167
84
100000001
8798182
19768
9860800
119200000
158456
40410000
4210000
10000001
4058
873
12056
1000001
29054
1874900
638700
172952110
1279
859
24600
2931400
1010000
1470700
2931400
459
14444
83968000000
100000001
475
100000001
25400
400000000
1671
3194
4481031490
93800
48600
315028000
83810000
1010000
371572378
297223300
848000
404
4838
100010000
394100
33992740000000
7666000
29118
17390000
44054968
10000001
4554100000000
1000001
10000001
10000001
304
100000001
1155664
100000001
10000001
874000000
1000001
21192010000
95030
206330000
110000
1802000010000
53890
100001
1062000
4903
8711
1000001
10973
125707000
15903
1751
31700
17000
120000
15151
2501
1720
23400
1000001
130000000
130310518
1010000
10010000
1000001
215002960
37240000
21210000
14444
486
225
10000001
636054
28348
97802
100000001
3790000
28900
388000
388000
100000001
73200
10000001
1000001
134500000
2164
313676400
38650000
1690000
32352
284680
75400
24388
15314
2120200
10000000001
13526000
100000001
242
100000001
96420010000
1000000001
654
1154
70352416
526000
3762
4802464000
1000001
1000001
368336
193
1010000
1010000
352000000
2144
100000001
1990600
110000
123600
37
5440
17296400
1185
207800
1979
412844
10000001
2426200
500432
4336
1094
2885100
100000000000001
811210000
42290000
56508
124444
286504
15573
21044
1568
100000001
132672
2789
10000000000
1000001
38400
652862800
2536000000
100000001
10000000001
30966
24400
6694
1097
1092584.5333333332
109
1820
37210000
275
312000
10000001
1854100
10000001
2503
167608
80136
921
23000
10810380000100000000
1660880
484800
182716
41653072
6653
2532
15410000
164000
15410000
30200
12305537.34162963
838000
71206
2698400
67
138000
158338000000
189400000
41200
129998800
13432
72400
25600
2152
4469272
29810000
308000
16987060
108032
5720010000
1000001
10000001
175
27200
18600
5596000
110000
98770000000
33590000
322000
100000001
4922000
100000000001
10000001
100000001
6642000
13332100000000
110000
10010000
1000000010000
29866
412000000
10950
29080000
2086084
5410000
2003
1126
5968000000
2155410000
1000001
308782
66500
18111
1000001
2045837542
11055
28400
1353200
3290000
20000
740000
3290000
1206212800
64780
32810000
1010000
15000
3761400
104526400
1000000001
636200
15000
207800
15000
18800
89
12420
1010000
100000001
1010000
5590000
409527200000
22151
11379
15339
718630948
1000000001
2119841.0666666664
10000001
209
9280
478
5072400
8100010000
8110000
3620
20200
15000
20000
313600000
10000001
11901
1010000
1041114160000
1419500
2639
3174000
155100
369700
101296000
106939900
11870
100960000
100010000
8521
42192000
23334
2527
1613200
8276
11584
11100
1533352600000
286600
89700
26471
19810000
29800
100010000
123
367600
123600
1010000
8297
38730000
21843
10010000
396100
104470000
5698
100010000
15000
1954000000
12200
25400
61800
137610000
100000001
2753200
2054000
1356
102046528
11254
3655
50800
115264
418000
537
1825
5188
15400
11188
55
18536
24208
2128000
145742710000
100000001
10000001
1000001
20240
24600
147
638200
11320010000
3718000
8730000
233200
259648
43600
10000001
14414
54100000000
5598010000
868010000
1766600
281800
1010000
3037
871
2003
7491
472400
100000001
758008000
1490000
6451666
7863538
9187168
1480700
1490000
1118
29866
274000
46800000000100000000
10000001
5610000
813000
2050000
1000001
15984
2365
1310860
261592
1659510
1000010000
874010000
118900
3198800800
13432000000
807
50200
1039800
1000001
161278600000
100010000
122000
52020
739
446010000
9203064
49094
21176
17182000
2252000
22430000
1000001
9630000
901170
4307
30800
100000001
1000001
10000001
348100000000
208414900
13810000
100000001
582704
1658600
2086000
1000001
6272
7470000
292039200
4833
10000001
1000001
307110
166000
110000
3441000
483770
197600
1000000000001
499830
100000001
100000001
1000001
653210000
6790000
5410010000
110000
39100
592000
583
27836
1950788368
100000001
690000
28810000
2230000
18990000
100000000001
173528752
37632
732000
1000001
8430000
255800
31186
477480
52100
24300
12232
75000
127898
852000
52100
852000
19262
52100
400000
6192
100000001
7142
10000000001
9690000
5633
1000001
882000
4204
576
6620
7994960727040
11928
1610000
1000001
663820000
100000001
27
8917786
2400800
11955
150750
1631440
122600
66300
1918
1127
10000001
100000000001
100000001
1000000000001
11100
10255
5238000
271400
1308
8247
1057
3038949982
13325
17038
23800
148000
24731
1010000
100000001
34693
44144
15183
1048834600
102224
4193
119422000
1000001
278
712548
10258000
24916
27600
8520100000000
1000001
4530
2754
117800
153852.8
571
2090000
1895
8442
1845
1057216000
210704
61200
100000001
1224548632000
13278
2199
4665600
131000
134762
1160010000
22269
246830
658
111413908
24200
11100
740000
158000
17400
67134
284669056
8775952
15000
1855
64912
63600
8134
24232
116
1475696
5669
888000
15200
15016
881
166000
6859
13853
500
49644
147082750
888000
97800
20032
21517
13242
2991
152300
1743600
297800
1380800
70800
108000
210
73
10000001
1000001
8843020000
100000001
1587600
1221800
61150
4651
1171
450000
237000
2509
8688
130120
556000
70060
2731
1012300000
1000001
4353
1602000
46080
7202
28814000
13388
155
5354502400
12801
435200
2305
100000001
97416
34360
407
62230000
829210000
148000
10000001
32352
5582000
189692
3234972
300800
100001
100010000
21300
66760
100001
140944
100001
420000
206
10000001
10000001
101400
4357
3890000
398000
398000
398000
46613200
1495550
14610000
144697600000
873724000
1051
31944084
100000001
547
145300
100000001
100000000001
100010000
11100
15000
9717
8552
44
1830000
29582
11529
65776
358
50800
4753
531800
712000
60688
141846
273692
9256
11100
21600
117
969
5210
3229134400
1654
12752
885
12653600
22243
2575
126200
10000001
10000001
11558600
14928
449
225
409000
2086
1000001
44992600
350000
8281536
1410
63991299.2
4007
3810000
1000001
18079150
5263600
471600
15673
100000001
39326
1334
234004
1000000001
74200
12479800000
1494900
26823952
1000001
1858
41610000
989
10195
20003
452621
10000001
10000001
20000
100010000
13747
216500
313
406748
8790000
301688
38830000
38700100000000
293
183
79800
1516010000
10000001
25748000
120300
794596
454
81000
18020
144400
720000
181200
876000010000
19636
439
429518
17410000
18700
88
1804000
99700
898
100001
1010000
266060000010000
57000
2616600010000
261660010000
4279
10000001
9449
187570000
482340
1498060000000
100001
1331
33810000
1918000
20331664
10133
477
16100
1155
195210000
10000001
1159200
247799080
47700
754010000
46454
365210000
5217400
5796000
57870000
459350
1491
53470000
10000001
20000
10010000
656800
100010000
302
33800
116400000010000
39100
1010000
32286
100010000
824
110000
507
110000
67600
38800
840600
852940
2427
125
47022000
3221
492688000
337800
1657
167910000
43220
3490000
888
381800
381800
37200
18010000
2091
28000
11980
91
1250000
134000
72000
2003
1000001
112100
1273
3612010000
3204
100000001
1744
39788
2684000
6699
444400
28200
8275
130000
294000
408332
35256
1211
902000
10000001
1000001
74306
11613
5894000
2377500
3684000
12085
1000000001
20000
11100
740000
4989
1035
3008039680
10000001
157373800
52010000
210683500
236000
279844
5579
129093658
226010000
1545200
70896
3693800
4657
103525600
1012536
21978
21072000
45210000
1392668
718058
3429
15752
22656
1032200
8501
226010000
236000
21300
21300
32600
32600
32600
2219
11563
36130000000
484582600
926000
9170000
4050000
100000001
2906028544
100000001
2113
1322
13510
192483424
536000
100000000001
138000
100000001
1545
1197200
10000001
36200
15764
263
20605
299200
1000001
10000001
38600
144
10000001
100810000
193000
1000001
10000000001
115470000
602
34772
15810000
473
2348
28400
105580168
242166
51100
9496378000000
686380000000
152400
152400
497212
1354
47708
3429
96890000
52940010000
433
11100
5457
20000
511
576000
194000
19200
1614
93
4162
150
393
47100
20000
11100
1000001
1302401200
100000001
491
882900
1010000
56784
146000
136010000
2117
304000000
55700
10010000
740000
210200
10000001
249014800
2356
1021
511
51000
92000
213500
368
1245
10000001
2599
391610000
87484
24739
3430000000
10000001
1565
1000001
1690000
51800
15000
15000
740000
47
24
20003
100000001
68320000000
46586
1664
449824
61130000
1131800
1484080000
317
2.5202340000001e+21
281
79600
1132
100000001
6979
2978000
28014000
158400
87100000000
16930
316
20000
373
2090004
6644
3349760
20000
52368
22000
229
5400320
378000
711
1831600
7210000
117027472
82000
16246000
36810000
131440
67408
4308608
10850000
3690000
31186000000
624700
27100000000
74080
91
10118
2696400
4064
62000
452600
20602
16757442
1996000
1996000
7367
10000001
718000000
15823
33518
26585
1000001
221464
45189188
7030000
5708800
70082
6569
1000001
10000001
6793160
100000001
3004
102119986
48700
2553
48700
4400
100010000
3060800
1000001
15126472
10000001
130000
10000001
110000
10000000001
11320
4050000
54395000
648400
100000001
100000001
170600
17524
100000001
11584
1000000001
100001
53410000
10000001
17200
16600
100010000
15000
1000001
3076000
10000001
1482220000000
110000
533
82
35810000
71700
1000001
2871
5170000
10000001
100000001
1000010000
99800
100000001
1010000
1000001
102295000
519432
6294000
1000001
16360000000
769200
100010000
740000
740000
1000001
3549000000100000000
27151400
348000
3126810.6666666665
1000001
416010000
5248000
1000001
124600
15210000
162000
25200
10000001
1037
642000
130010000
272
23000
18840
16500
1281
48300
39656
1806
416010000
1530000
201200
4170000
1080
11788
1000001
125000
576
28832
282000
3732000
266850
4170000
401
10000001
1000001
11100
100001
22078
43
110
100000001
1046400
5151800
100800
7190000
226216
7131
129906
721
5527
248
240200
4948180
1948010000
1716000
4489
196360000
1000001
11100
15000
666558.9333333333
679166200
110000
27800
100000001
10010000
1000001
4550000
23486
11298
60
151
139400
273700
50400
1000001
1177
300378
110000
81400
521500
100000001
1000001
1000010000
100001
1000001
3029
12926
12926
7177
8028
84000
63700
1084000
1478
15
5392762
9806000
150600
1520
18010000
100000001
1010000
110000
39656
490800
10000001
1000001
5153
60336
7135
733725400
2872301.8666666667
414000
5725
100000001
4745120
10000001
14279
46000
46000
15429
514400
956010000
1000001
3547600
156
20000
414000
943200
21814
77800
225800
1620984
691000
4141
1399
69810000
210800
22731
2006125120000
454048
4110
8167
110470000
1177056
1785
3505
5162000
2476000
10010000
9190864
48640
1259200000
10900
1933
59800
35
110600
2913
29300
33800
110000
862040010000
259
4054000
69648
266000
25600010000
1000000001
27336
1000000001
1000001
62954000
10010000
1010000
72832
6887
54230000
1724
552200
61500
30200
10000001
207100
2035523200
1000001
1209
12992
2713190
2010
8810
732400
2309
1422
146000
100000001
1726300000
8331
63
100000001
10000001
969100
135730
24030000
2405
1249432
3382600
178
1000001
1440000
20410000
20904
3901
98400
40252000
40243
17900
80
7510000
430000000
10344
10000001
172
10000001
100000001
1315
53195
411500
1114000
11100
753044
15000
4753.000000000001
23
74800
325
1042000
2143
1000001
66500
15771
13990000
3197600
15476
20560
10000000001
79100
2715
25202
1914
21602
3163
459482
1000000001
10000001
2481
15000
1000001
1000001
146010000
148
100000001
10000000001
10000001
10000001
25810000
20839
12890000
3761680000
268000
5122400
209122
4459072
709
1565
3220
81390
23500
229670
1220118
992080
196000
92280
1871
307300
100001
142000
1257
247600
37240000000000
21610000
51790000
371
51610000
284290
7220000
505398
10000001
1315200
1000000001
100000001
100000001
24827200000000
9
114786
1000000001
166000
275320
1000001
567
22967
10000001
44826000
3414000
71210000
81200
85812
533216350
11298
11298
21800
11298
6319
119
1033300
100000001
408000
320
596000
1125
87900
165800
10000001
1010000
11584
286
488000
5720010000
2836
1000001
14657
1070
256000
210010000
629980000
10000010000
897346000
382394
50400
315866
13904
1000001
10000001
784
5804
10210000
6638644
448
1564
12150000
70700
13765
1859799.4666666666
5962
54704
53700
19614
438
7683
5613
1000010000
1000001
5557
32250000
171200
753
5038200
1773118.9333333333
1000001
26610
1942000
817600
32200
223
19648000
45
124600
41985780
223400
20390
120000010000
100000001
1000001
2003
10000001
1000001
688832
10000001
19610000
1000001
28038000
45810000
45800
45800
3549
81600
359
12778
4590000
4491
261884800
26149
3864410000
1507900
10000001
10000001
1010000
28763
32374
10000001
74680
16173
267646
10256
404920000
1000000001
2581
10000000001
615
414000
9128
228800
2027627.7333333334
111838
2064000
100000001
10000001
10000001
481300
107988
646400
45199204264
290210000
19987368
29030000
284636848
4566140
290210000
5024656.000000001
300200
21194600
155100
15880
3846
41900
5878000
89700
20869
3773434
1604000
492265000
10000001
100000001
2740000
832000
10000001
29822
902
12641
8652
35790000
2075
710
43600
1010000
39300010000
29800
100001
86
94
1598000
440
1565380000
1000001
8535
2857000
6470000
637066
210596
372400
4610000
10000001
55
98070000
4050000
30200
1000001
94
53210000
36600
63200
36600
267
23728
4344
524
212400
1013
1000001
36395
18198
13588
218800
42800
10000000001
100000001
8688100000000
1000001
10000001
171
234
610
1307
31600
226000
5223
15610
586210000
74482
27820
100000001
6613092850
1000001
100000001
226000
1000001
7161016000
10376000
1000001
20000
103557400
54100
110000
1123
15000
406
740000
17986
350
9107
574
15000
20000
10898
764000
55674000
27833
10167819522400
3154800
764000
148610000
521
47700
3566
3414
15000
5189
2986
14158
20000
20000
15000
12673000
21660
6351
3000000100000000
1596
900600
9173
3310000
6610000
24400
97200
4838980
632
32946
1000001
392900
1000001
1948200
531500
9560010000
1000001
10000001
100000001
21210000
2717920000
40210000
14444
5377000000
703610000
31410000
40410000
269000
42868
28106
21482
10010000
3400000000
1885
355200
10000001
1438000
115376
1010000
26200
10000010000
15000
1315360
100000001
29162000
1172000
10268
17371
104798
255500010000
322000
118614
230836
1000001
7310000
10000001
10000001
10000001
3209
1257
89486
131400
808900
101590000
59100010000
7734000
81400
10000001
2633
11592000
10010000
100001
465430000
100001
810000
7891
46000000
360896608000000
22452
1459
280010000
10000001
10000001
100000001
581800000
297
2435
84140
27047
100000001
9920000
19400
2712
189
189
291528
1000001
2391
10010000
44500
162000
25589
695000
100010000
238931200
2183100
18470
1130
840
776500
4780000000
607
652796
6050000
16040
13327600000
11232
40200
414000
1000001
56866000
12235
1000000010000
5092000
65902
101878954
25800
159
1494546
185956
37210000
1010000
138000
4215
6650000
100000001
8720
27900
9177
100001
5171
4365
32860000
535
441
1735
1457
100000001
41800
41800
41800
160
107724700000
103900
100001
169930000
2496000
1549
10000001
1000001
1000001
100000001
10000001
308826
1000001
10000001
349500
3396
197200
1000001
556008
1000001
859400
2075
146090000
1870000
10000001
695200
100000001
1000001
10000001
10000001
62760010000
44200
397998400
10010000
10000001
110000
99010000
1010000
8496
16130000
83200000010000
8330000
97648
69092
564554
1176600
39700000000
10010000
100000001
203300
1503880
4695580000
360064
10000001
53720000010000
100000000001
9268
212200000
147000
10000001
162200
72800
2432182600000
10010000
10010000
1109081962000
1000001
618400000
79010000
64510
89000
2616000
740000
1000001
73
132762400
1000001
40720
10000001
100000001
10000001
10000001
10000001
15403
616000
293690000
615000
536010000
275386
15000
52610000
572000010000
6706000
209500000
20003
20450000
1032000
1032000
512
268600
729904000
1172
292304
563
7782
264430
10000001
31210000
683280100000000
128097652
146000
16800
11496
11496
23600
5530000
112150072
16072
7841
18624
393
11408
56912000
3910
216000
59600
9980
18712
11811
1000001
1000001
138000
20000
10000001
10000001
640000000
3680
13114000
2655
813000
336
10010000
503900
117151680
2745
134000
66100
48400
1000000001
472
16538
11446000
121060060
17028
10000001
565700
5961
1010000
50400
29650000
158200
42604
855600
627
87814
11100
38
177962500
104500
109340800
18555912
98200
536821000
954720
65396
100001
814000
100000001
10200000
602250100000000
410400
6638000
100001
6170000
525
130200
843464800
1000000001
35452
20600
21210000
20600
107
1248
1010000
582400000
3505
5233
3872345500
1097560
1711
1711
856
768
10000001
688304
110000
10981900
502
100000001
9850000
1000001
100000000001
15202000
6670000
210200
10000001
222400
12992
13882
47400
20000
13
352672
3520010000
1000001
27800
1000000001
9046
20400
6890000
65
6890000
1610010000
6173
2021000
188600
4162
384700000
1000000000000001
1689000
170400
697200
225300
1000001
207800
164953000000000000
53900
14858000
14858000
6343
173328
78000
25300
10000001
1782400
84228
199800
166906000
199800
199800
13865400
1908000
104900
10947
1000001
100662
422100
28100
22598
1000001
115270000
107260000
1000001
169500
2003
80200
1000001
45238000000
424100
100000001
116000
36900
515400
23364534
2528
10000001
1929000
100000001
35770000010000
17584
1703600
18208
64700
27896
1822
2003
984000
10376
1000000001
7339
45350000
10000001
31600
217
100000001
47600
1000000001
1000001
1000001
100000001
10000000010000
1000001
154600
14610000
730000
10000001
100000001
245600
62894140000000
227224000
133600000
138000
110000
10000001
100001
161600
17800
100000001
1096000
19330000
967
1616000
170600
573
43176
2931256
3945
307
28565
20200
1000001
1006000010000
10000001
100000001
100000000001
903520
180600
15368
395000
28260
15500
11210
3184
56
110000
20000
20000
20000
10591480
99400
100000001
594200
2922
2279200
8214
141600
21384
100000001
634
146692624
1912
17530000
91600
50800
27414
266000
469600000
12862312
3926000
110000
1587
110000
61200
16600
1010000
11100
3173
15000
11100
11100
15000
20000
1173
42700
328
40200
10262000
534000
109456876
10349
560
8150000
30200
1382000
25092
147200
25092
21043
85350
2562600
6428240
4536000
311
460201600000000
12065
7219
516
1010000
795
50700
8368000
56600
879976000
10000001
100000001
6247240000
10000001
10000001
100000001
10000001
1000001
15000
61
1000001
1000001
726340000
100000001
740000
1706000
10000001
10000001
100001
3084760
110000
10000001
146010000
1000001
20000
100000001
2810000
1553905000000
3366565.3333333335
217000
76576010000
2713
440848
148400
25224
8099
740800
4607752
667804
239200
5390000
63800
63800
5390000
53810000
1775
2004520000
174744340
302672
3063688
406720000000
9730000
3300000100000000
15100000000
110000
48000
150736000
1010000
17311
2335
400600
4730000
547000
57076990
118410000
523667200
59650000
43600
77200
5532
202400
202400
106200
28889
14378
200
9089
10010000
339400
100000001
835010000
15720
1414
32190000
28883
216000
541870000
32850000
92100
12266
6927
20300
482000
2044010000
955780000000
1529700
186000
92522
17610000
414514
1154266000
1965
86474170
6125
26200
2252
384400
54550000
385800
12200
12200
253800
18712
11100
7212
116600
143
16358
7320000
196400
31494
110000
110000
560480
15000
1010000
54550000
5464000
80800
160630000
1398
100000001
80400
10000000001
10000000001
698000
300100000000
723700000
146010000
100000001
18888
109200
8010000
416
1858000
30230000
17665
10000001
556
2099800
405
417
60200
1796
108
100000001
459000
352700
1000001
1000001
42410000
4250000
133957000
790
20000
15000
15000
40200
1685158144000
760694176000
1000001
10000001
1010000
170010000
10000001
82100
221
10000001
100000001
1000001
187
15206410
826000000
1010000
28810
52380000000100000000
110000
269500
1000001
94400
10000001
9200010000
312000
3030000
25100
3429940000
29940000
10000001
1486700
1054500
983772.8
417
1238010000
183268640
10000001
21600
59
146010000
1000000001
4762000
225333.3333333333
15000
1010000
10000001
110000
110000
5571010
110000
100001
30526000
32200
3800000
1000001
83942
682200
10010000
50600
56600
83300
1158000
575
95
2071
23610000
18600
1397000
15000
1353200
813000
471
33400
100000001
100000001
10000001
195
177
23410000
68800
598000
15000
15000
740000
1081
20000
8896000
151912
17300
24600
74
721610000
32300
14906
3271
214000
14433
1010000
322700
110000
19
2217964
419
117316
199200
1000001
12794
210400000
465400
11100
61000000000000
19790000
90800
740000
10000000001
3421
19
1277
20000
31
16
3062000
27495
2220100000
1423400
227
15544
8635
60200
556600
696
246030000
9535
19866000
400410000
29985
429
1176
1010000
11100
55100
110000
740000
849500
2608
113200
61600
517
614
33506000
141400000
12279
46708
23800
139
967
4717976
1010000
3428
1794
11100
11100
15000
20000
15000
1634000
66344584000
371
244
110000
127975000
8
20000
16072
142
357587200
165136
326954
17084
73112
8772
13102
38200
2830000
38200
773
950160
153201280
17610000
2740000000
5227600
3700144000
16800
73700
638
17610000
31600
2170000
839200000
186000
176010000
18987
17610000
17610000
74000
10756
3370
82512
1246
1760010000
5986
17600010000
871696
100200
841764.2666666666
2887
345478
18712000
125984
338800
338800
1090000
562720
988
140800
1000001
207164
906200
55990000
5608000
404010000
35856
149200
50400
13210000
17040
100001
100001
362
1383200
1000001
57674
939700
125100100000000
51829080
10000001
100000001
10000001
104732
2273
210424240000
10000001
1440010000
51998
101425600
14410000
1243
5842000
29161
315600
995536
3850000
1000010000
1000000001
10010000
1518800
70060
17470000
1007
10000001
1000001
30170000
8990000
208220
2160400
21514000
1802010000
8085
18030000
100000001
97470000
75200
1891
75200
75200
6541
100000001
3357
6578
665
1371012490
39910000
16046000
7382
1337
1500
143389456
488400
6998
229800
1100
44046000
494396
14334
198
282160000
10000001
17106
346090000
880
99200
99200
14343
813
100000001
238352
22071
4534000
4050000
1000001
20723
5128
430000000
12115061920
10000001
217480000
10010000
61
886000
10000000001
1000001
515
100000001
5285710
45800
283020
46800
342000
104980000
6802000
452624
350410000
100000001
7483
1000000001
100001
1000001
714460000
1000000001
101410
1000001
100001
100000001
535600000
8118000
87600010000
12093
4171000
3010228
1011970576
205651000
214000
270262072
3944928
76200
20200
1325
20200
30400
1010000
2973
93224
422000
30600
7386
48339
38200
104000
66400
5788000
25642
714404
1000001
81800
1000001
1000000000001
10000001
1000001
367200
7750000
17410000
213090000
61800
8777
1330000
519
118856
118856
4949
12917
1330000
23200
104600
179752
660848
474
7130000
63000
63000
82210000
71210000
4559600
17832
2796
16600
13210000
30328
13210000
11219
81800
132010000
103338
176026
7770810000
135
4081
3126
809503000
2840320000
298596
23200
11452
559637200
110980
119236096
51532101820
27952
1511100
2779
27027
16600
16600
13210000
12677
16600
7217
3283
973600
23200
16600
7602
15305280
521
1130000
7426800
509
1037950
3025576
54000
125720
21069
116832
4857
4138892200000
915848
43000
166
36676
787960000
25600
612000
444
166000
395609776
397450000
142200
822000
15507200
53956496
10000000001
20000
11100
10000001
1859010000
11015280
1000001
227
116272
471094
12948
4050000
50400
45552
30200
1027
1226
312280000000
249096
20637944
909
10000001
44900
94810000
1010000
1000001
5651210000
481800
69690000
1000001
8290000
157545400
726072634
408
1000001
1000001
2473
2536320
1000001
529000000
2384000
5019000
1000001
10000001
769200
753400
2392000000
10000001
1000001
2694
100000001
10000001
366608
3223
1505
58400
15270000
1000001
467052400
4865
58000
481
198800
50010000
158632
55724
72
721486000000
10001
10000001
161944
114308800
4725789.866666666
15765568
460400
8530000000
24225
5376
92434
20000
15000
1000000000001
112960000
1806338
633300
110000
10000001
1000001
276000
3326000
874010000
187600000
25756
1000001
10001
142000
10000001
130000000
138610000
25246
79300
190664
51138000
577400
100000001
27190000
221200000
11858000
25771
1000000001
598000
10000001
100000001
50400
40400010000
2080000000
286000
160600000
850
10000001
160300000
3870000
55980010000
10000001
100000001
1000000001
138590
99200
342000
110000
10000001
80796
2882
83410000
8690000
10000001
121006040
6970000
349210000
131951800
349210000
34930000
20003
20003
100000001
2492000
10000001
10000001
100000000001
100010000
2244000
1000001
9789968800
704104000000
2140568
686
17
377
2097800
380000
122300
1240000
41400
803
157697800
10000000001
617400
19720000
2253
2923408
4185
10000001
2003
1306400
981562000
131570000
2418800
1288
15000
375100
10010000
15000
100010000
384400
47
1475
30100000000
100000001
7917
14480000
13520
100000001
139000
46652
100000001
10000001
1000001
1001
100000001
54044
100010000
400000000
786
1947800010000
83832
12282160
100010000
2992500
145756
334000
10010000
63400
100010000
32950000000
15000
23
6484
2034000
23810000
131968
25210000
22276000000
100000000000001
9460000000
55584
67140010000
463024
36763300000000
20598352
1000001
105600
59200
931
4916000
8124
8760010000
100001
10000001
1000001
50400
14444
14444
210178
25554
405
11745392
50400
30200
100000001
77958
19870
275
138
84600
10000001
100000001
1000001
5150200
70600
17610000
19680
234200
19410
26500000000
713444800
85548
230500000000
161690
6896
69300
100001
1808
100000001
1000001
1000001
1000001
1000001
11584
2482010000
3073
100000001
202720
100000001
338010000
100001
10000001
1707696
233000
2450000
22200
2450000
58800
254000
254000
34400
134200
1470000
1000001
100000001
1000001
100000001
10000001
460010000
339760000.00000006
10000000000001
33600
110000
10000001
10000001
100001
3710800
18505
276600
199376
1000001
400
376640000
702000
3673
86800
193
1151
117600
1728
12351720
18244000000
240810000
1000000001
20000
20000
1000000001
121072
42000
67112
814760
2597
40206
9112010000
5215
919900
6587
33974000
12810000
1000001
4956000
40410000
113466
480300
50400
139600
4099210000
54044
133000000
100000001
1000001
10000001
8426
100000001
100000001
1000001
24674
716600
1000001
10000000001
100001
102610000
10000001
10230000
10230000
83584
952420.2666666666
21242
1032000
810810000
17150
10719
326
1000001
165000
165000
1551
16622260
4083344
2105
1053
1630
6329
3654
84118
600
1000001
100000001
8995
696160000
12410560
1670200
147952000
665020000
1010000
110000
116010000
15000
808300000
246000
246000
11100
561
5540000
1937
36
2264
45810000
32900
4755640000
414000
414000
35856
30200
63400
10000001
1010000
28385
9264410000
1000001
1883408
5670000
4141800
5898
8695
13059
372800
10000001
340610000
350600
1000001
10000001
41200
100000001
100000001
1000001
1000000001
100000001
53810000
100001
247600
110000
10010000
20700
20000
15000
11100
7533
24
1000001
565500
16754
40700
308
2394000010000
309100
10000001
10010000
6999
22561
494000
62800
5290000
15808
494000
4850000
20000
18
1893400
16668186.666666664
1089320
20120
1765776
12178
1000001
318
115200
15065
68
445
186
93204
6985016.533333333
120094
21800
196400
100424
93600
6134000
51420980
622600
110000
1000001
20000
100000001
534010000
4850000
43000
7851
331
35283040000000
100000001
266500000
1000001
100010000
2003
38200010000
48200
18795280000
100000001
31098
16211442016
11342
900600
34400
599200
88210000
11277550
98200
1686
889400
100000001
10000001
2234
1000001
1000000001
100000001
4250000
80400000010000
80410000
120400
553
110000
84200
742010000
47100
3760000000
3400000000
346700
24300
561700000
2175460948
1000001
10000001
1086000
198564268
452024
3524
10010000
1000001
1000001
272685898
10000001
1000001
81400
1000000001
100001
42491
205000
5348872
11183
352600000
580900000000
76000
1000001
1774000
100000001
1000001
1010000
64048000000
10000001
564070
414000
40890000
11100
363930040
194690
2311900000
440666.6666666666
100000001
110000
744010000
122000
633
60512
100010000
1624
35270000
1033200
26610000
23300
36600
36600
267
2177
2185400
39800
20509
24900
25496
39800
4687110
345200
25600
2515360
29656
24360
4337440
2287600
10000001
1000001
572000
282
55800
230
136900
36000
1185
516000
507
1634250
27800
50400
14761
53679860
16798
2424
1000001
396500
20400
7501776
80800
141610000
110000
2930400
695036
158000
42350000
100000001
918000
743664
10046
11100
50
69976850
100001
10000001
1010000
84228
2628
20000
431344
19153
85600
85600
105359200
4802260000000
110000
848
15000
100000001
33610000
3360010000
43600
100001
110000
5876
365000
1000001
130960000000
172800
1031136
21000
12420
2143660
25200
957100000000
100000001
201202816
1521
50400
77000
4200
100010000
12618
12090
96
60100
56600
20000
15000
1277200
351748
268900
100000001
560000
43762
112000
35800
22900
22900
788500000
605578
1201360
100000001
690400
10000001
581
59200
317644
1866
12736
1090800
10000001
43076666.666666664
1000001
5158000
100000001
33590000
1000001
110000
358024000
740000
15000
12570000
24000
39250000
1010000
306000
19700
15258
1778304
412000000
45024
261394
12660010000
1000001
10000001
34882000000
131800000
1000001
3300000100000000
1000000001
1000001
1332000
20000
30504
100001
31400000
10010000
1000001
100000001
340000
251250
10299
35000
22500
251
12750
126
2200010000
258248
97600
879
84700
102851200
15000
6828
15000
184000
88
7364020
121880010000
100000001
25900
85700
161400
110000
13270000
410284000
175540960
25200
17600
5747400
205800
431
202000
20384
562000
704440000
2031
60210000
434
60210000
224400
279800
10150000
20260000010000
1010000
188440000
71230000
1185130
1000001
10000001
100010000
31
26996
1374
313000
10000001
398000
647
406570600
2902
15800
856800
857020000
10000000001
115635400
1000001
100000001
21910000
1937400100000000
2492000
10000001
201100000000
20000
189401200
5641
21868390
120900
120900
120900
23971
1558
10000001
29410000
304000
304000
256400
58810000
18726000
29410000
16512
69200
2950000
48514
304000
2867512
294010000
24081
34990
1000001
43800010000
1000001
4014000
1000001
170
739900
15000
15000
318800
28200
242800
31000
10000000001
1000001
14260010000
41600
326000
8537
159
5771600
466010000
15000
520
915
21088
1724010000
257394
45134000
100010000
802600
7927
45722600
2312000
153000
410400
153000
39200
24600
15000
810634.6666666665
15000
15000
795
3
2
1620348544
23960
159950000
730010000
740000
740000
83000
5460
304
100000001
10000001
1488
10010000
1000000001
100000001
438000100000000
100000001
1000001
100000001
19394000
6330000
1000001
96350000
149800000
284932000
7426000000
122800
1890000
104000
12618
60032
21210000
233
16138
4250
969
100000001
9030000
1000001
100001
100000001
1000001
284000
14610000
1470000
100000001
2003
178630
1000001
2322640
226310000
5647060
589
10000001
258930
1010000
368000
4188160000000
1000010000
10000001
1000001
110000
7133
1385
1137472
34900
100000001
27070
115000000
112200
5743
1000001
1710000
25114
5855
1000001
351
4770
373
100000001
233286400
10000001
399598
10000001
579
307
10000001
518000
357
2960
60410000
248000
2522800
9363652
10000001
162000
121200
3196
1000000001
10000000001
464200000
1000001
100000001
10000000001
45800
523720000
6068000
2850000
90
7618
8470000
84600
1750000
130186
10927
130186
61760010000
120340000
889810000
533
1286616
343950000
2884
6495616000
849
15197
36000
100010000
220600
3990000
2657010000
10804
12190
27633
136055800
3004
138200
132400
10000001
110000
298000000
10000001
1010000
29750000
1000000000001
100000001
15770000
13730000
197930000
9220000000
2510000
400000000
1010000
10000001
782010000
10000000001
209560000
311200000
100000001
11100
485300
39700000000
15000
9057
95
100010000
496000000
3710094
181200
9428
28832
1915498
54563702
10092000
12400778
27533860
1202
116635300
175615000
3851242
514100
3992390
134268718
100010000
3312125200
48091240000000
332894200
2763640
41557922
100830000
3437880
21466
3700
100830000
2138580400
197815564
1008210000
100830000
3337060
907298
10092000
170274816
1502136
3938822320
514100
514100
1411398
225538000
100830000
1623120
3221387200
26683
1008210000
256704526
2459926
745986
251230000
251230000
1008210000
10092000
514100
4060000000
120902
10092000
120902
107548000
30316492
100010000
100000001
130000000
1866
254266
86010000
1010000
100000001
16542
4574
10000001
34436000
110000
102598
17128
244000
1802000
1000000000001
37298000
37600
9792000
1000001
21410000
10000001
100000001
34100
126335800000
51068000
10000000001
1292000
7540
234640000
10000001
1000001
100000001
10001
10000000000001
1266400000
94749400
4590000
100001
1391600
214800
991
22694
4225
1000001
1282000010000
20000
15000
15000
2002000
612500
518
100000001
280000010000
85800
32590000
1011616
100000001
100000001
12010000
1000001
91050000
16666
110000
2230000
10010000
9160000000
11386
124
1042400
140810000
438208
98000
29360
10171
186000
881
12878926
1999108
1708569.6
460428400
29944
100010000
208426600
100000001
1455688
82810000
6419
10924
117866
1260200
62920
37000
28114000
14053
51400
9236
1412000
432002
88512
150200
8545
49000
46100
73756
673200
1000001
1000001
171682000
31300
436000
42610000
16669
214
49512
10550000
1000001
2910000
39000
100000000001
138
5001040
48126
14048
128228
26796
235
568633600
72670000
352760
644296
3217310
1000000001
20120
10000001
106272
1000001
3050000
10000000001
4386000
10000001
10000001
4194360
49854400
9780
2480000
10000001
5129440000
1322000
657
64626
17483
5405104000000
846
224600
355884
697
1515500
4030000
160
107319004
110100
11420
1000001
132000
16100
7090000
494300
4772164
3701600
11229
13895
994600000
481900000000
58888
50100
20000
15000
89614000
112000
8773
19622000
176000
5512
444
11826
100112
2101690000
34752
40190000
4433
100000001
13982
13982
40570000
11031
356
20600
323200
9050
440944
34700
100000001
1000001
2564000
36510
10000001
352600000
83500
736
15262
2200000
23282400
10000001
4784308
9465
13210000
5067388
831
100000000010000
12369
241500
2316
101584660
3848
110
65308
20000
20000
15000
39
2004066
160000
79608
16204
66400
202808
141
56728
12511
32290000000
221
50084
575114
6225950
12914
36994
2054000
1955
26800
19800
9874600000
184100
3581
1010000
1000001
10001
1615
358400
3171
45900000
44600
9601
5370000
546000
258556
230770
100000001
30200
116000
806
1000001
23881
274990
11100
4780
1164000
1000001
100001
1000001
1000001
2638000
1000001
125200
6742
365
100000001
1000001
1000001
100000001
8669664
2449600000
24714
6884000010000
100000001
14444
13322
2705008
10000001
184410000
240600
11870
20000
100000001
1000001
419400
330000100000000
3756880
23003
2748
1000001
9855
38
43400
16500
142100
2072
102213.33333333333
10010000
15000
15000
11100
2409
144002
2326700
3238548
842100
17686
13212
13215600
29526966646
1123
13939
6827
448200
2146
1000001
10000000001
2070010000
1329940782080
9447
45010000
3067208
119186
100010000
1407
1000001
61000
9321
36246
1194
269006
100001
6890000
40204000
398800
28520
420674
698000
7482304
20406
474
161294
17722
38254
12231
11100
10000001
662212
110000
1000001
1519872
537
813
35940600
38000
5817
321
1788
25738
10100
264010000
16866
2594800000
13540
21903
223200
323400
14428000
14610000
13168
4826
15600
73602
73827600
1257600
147236
12477
240
49030000
100000000001
100000001
126334000
340484
5456000000010000
10000001
188200
892
5645
42208
426000
6378
30100
14600000010000
10000001
564752
11364
31100
100000001
57329600
1010000
2362000
11761
10010000
13095
922000
110320
142770
109918000
536000
10000001
231708
2588000
10000000001
15200
15000
1000001
1010000
100010000
100750000
98858
2479
15000
158400
206
19319
847010000
943
331
162
59
414000
32800
457
229
17
10000001
1000001
814000010000
31060010000
8051
439
1010000
510904
33600
12772
1000001
10000001
833700
1000001
100000001
186588
403186906
574
84130000
16101
43586000
100000001
96410000
7839
9506247400
10000001
126
100000001
23860000000
377300
5100
20003
1000010000
100010000
740000
660000
2819
54044
10000001
18
1000000001
40404
3385308
2967
56912000
56903
1276000
1121800
29500
6159
3080
95316
1312000000
17866
20129
11100
3369000
483
63320500000000
2713600000
951
100001
1000000001
1000001
200810000
9910000
315610000
250000000
1000001
1000001
626
415
208
89510000
337200
2688200
100001
10010000
249
10000001
13300
119348800000000
29037
148180000
100000001
1000001
10000001
57800
286200
2763
251032
307819
167829058
143006200
1000001
204000
1384000
562900
740000
2323
130010000
65484
28840
25700
51990
86
16500
10590
959000
100000001
20003
13154
444600
14466
5293
49210000
7129
247
1426
56600
13155
553400
83744
13570000
46612
50010000
1430000
881200
16358
290
64000
21880
250834
14099000
187
15000
165540
87000
1598
1640000
378896
15412
281
141
124
48
35010000
7883
338132224
1000001
11958
147000
585
10374
254
13520
161
17750000
11100
15000
2255
17426000
5182000
59700
14392368
163320400
852500
450044
21609
216000
1010000
8312000
1000001
2003
1524100000000
5087
88800
395
11342010000
82762
28100
46200
21414
29998
13071
488000
240
171
6128722000
400000000
10000001
110000
4600432
10000001
1535
5814000
76880
10000000001
10000001
100001
885400000
672000
181
80000
45000
20003
120452200
155800
935100
19924400
2322000
7544296
28194
2090000
1560000010000
10000000000001
454800010000
219010000
14158
20003
107771632
1335
2378
10000000001
100000001
1000001
4720000000
169
15236
4280196
910200
100000001
10010000
1000001
630000
130000
10000001
1000000001
441700
3976800
113252800
1000001
100800
909
1017820
294658
35080
77716
4060000000
233400
13811518
251200
825800
2148
6670000
171964
1000001
110000
69300
594
35004
12068
12068
19400
189
12068
95
10000001
1000000001
3162000
5519800
27550
4687120
850000
109910000
100000001
270110000
3106720
56000
190094
3408000
66700
1000000001
31090000
71910000
5810
512800
14470
1000001
71600
4317000
658208
3300000100000000
178630
2590000
100000001
1000001
29800
1764000
1528400
322180
100000001
220600000
1034
880
110000
1918600000
60000
571
2212
84000
1974
84000
38000
170240625928
290000
50436
320
1000001
572010000
10000001
453
10000001
5248000000
3928000000
23200
265
1010000
501
329410000
116625400
1000001
22276
740
100000001
1000001
31516
27886
1616000
110000
91330000
479
2217
42000
26000
157752
715
20000
11100
1010000
26900
3390000
26900
170
2950000000
52050000
8421
40410000
1285800
177
20010200
307
119200
1354000
43792
1997348
41350
276
1000000001
1000000000001
100000001
1074000
15907
10000001
15509
28410000
21610000
232660000
1000000010000
3694
400000000
1385
1000001
412000
2003
210000
200816
6448600
883
442
36800
110000
1000001
21291
12024
41300
627
104573800
29800
1455400
29800
423
130000000
53200
135310000
100001
870000
100000001
28876
4250000
35344
76770000
65600
505
10000001
59160100000000
11247
1414000
19020
924100000000
91200
120500
1106
1310000
866920000
1010000
24938
6
1010000
67600
5277
13646400
1076800000
424
9130000
160480
3324220
88000
49000
1979008
3064000
276
100000001
7970000
49800
2123
1062
273200
1294400
260880
4746400000
100001
8609
7141960000000
1743
4286400
57100
100000001
166000
89810000
10000001
12860
12860
100000001
544000
1214200
73200
1000010000
26400010000
100001
23772
100001
290000
10000001
523
1968400
64824
23800
374232
27610000
20000
1483
118944
104080
10000001
100000001
100000001
15280
100000001
1000001
12706
10000001
6180000
93210000
20003
1000001
10000001
110000
104996
2127000
4580226208000
24938
51236
788357200
599290000
1424400
168
60428800000
24182
9262000
10000001
1236337048
551486
161800
760
110000
607800
14466
822000
3574000
100000001
917
54030000
211400
93400
10000001
191148
10000001
5150200
7490000
52500
426
851
132034
100001
237800
1000000001
1910000
1322900
3907460
859
153198
110000
9566
9662
12853
5461
296800
1000001
1834
100000001
387000
1108
71050000
11210
201312
152406
6474
2089652
333232000
4623
4396000000000
2630000
365
26210000
8173
637
3569
259
923140
172
19750000000
780
23001
22254
397596
417
772
664336
265600
34600
247
1010000
170000
30670000
10000001
1010000
10000001
10000001
17530000
20000
54814
50000
10000001
3660000
70600
121200000100000000
1000001
621800
10000001
990000
642052
329000
947098000
2966448
632888
80202
18992000
606500
1000000001
1000001
1000000000001
1778000
100000001
2139
166000
127326
7093
576676
18255
5346000
1170200
1408600
1036000000
296800
100000001
100000001
100000001
372
2282810000
555
10010000
35122
6013824
102365308
21946
1011436.8
544
50400
1010000
6701232
3115800
1245
725400010000
50400
26730000
482704
11804
998
18200
83
10000001
4922
10000000001
10000010000
100000001
1000001
100000001
1000001
100001
1000001
294
20626
106600
100000001
25268
415704
1000001
97810000
23919
321610000
8515
1000001
888010000
26455
3404848000
19592
23727760000
549
41600
13476
25800
100000001
45686952.53333333
1986
10810000
139000000
29730000
1496000
11913
1652500
740000
81
14810000
11628
75
20823
1347
351040
19264
1137820000
1010000
10803538
36202
47650000
96010000
117308800000
456000
111816
3951
441
21224080
568000000
10000001
9160000000
10062
10010000
10000001
551
9000320
9834
10000001
10000001
100001
10000010000
13828
27400
27400
10010000
11410000
164752
10010000
874000
257
492000
12169
128515000
1870000
1000001
20000
1000001
37610000
20000
658000
102437776
1978000
4378960
50410000
2867
58400
60800
18807
31000
31000
1061400
7000368
401500
1024
110000
15000
35792
1002000
10000001
5592610000
72760010000
20363
373800
54044
1000001
1433200
14950
226
13454
12958
752
680
278536
262724800
114786
2858010000
131110
3212010000
3856000
214410000
612600
386800
100000001
2561
2560
1395400
13855
34410000
444816
19900
29800
29800
29800
19900
29800
143400
770800000
33200
25000
310000
110000
41100
110000
485300
11100
11387
20000
20000
3450000
354000
26523600
88100
96800
26126
17612
98638
22474
66700
1135
61600
7543600
113200
354000
196558
1000001
16369
937
469
10000000001
1157
140942.93333333335
2427
2730000
21410000
10000000001
33400
118
1000001
67800
3975
42472
235564000
12052000000
39877
4979
339280
14444
414000
1000001
5910000
10000001
100000001
10000001
1000001
1470000
386000
26290000
90400000000
10000001
29
121848
4244000
110000
4806064
778600
74100
13537
196919200
222812
74100
95030
89330000
52064
100000001
1559
10000001
498112000
7402
1758
135268
10000001
100001
4360400
14535
16300000000
100001
65220
261000
1362724
30400
103
10327
2610000
270000
2251600010000
2251610000
690200
7045010
420
23442
36884
114324
119032
16303
100000001
1000001
12229
5808100000000
60775200
30086
100000001
42692
744
3528088
1204010000
153999400
21311
6030000
1991
302
124818
10010000
18480
10423
24345
1393
236050
100001
2127000
5044
1573
112
10000000001
15368
58800
12722
34400
84898
2340400
1846010000
3401272
857818
10000000001
102766160
1079686
1280010000
7674
2340900
175
192200
10000001
3745
100000001
3811
221720
336
1000001
1010000
2391
45600
1300
71210000
29000
1283570
573
967
35648000
40981600000
22296
12332
1146
4800010000
3554
1000000001
297683200
63410000
698000
281788
1125800
1000001
1000001
16120
5578
13736
4906000000
1010000
15000
15000
497410
33981
6557
49
1236000
13014
12795
20300
558164380
52793380
1000001
6320
51600
20032
534400000
367676
56310
40410000
4050000
30200
234000
3141
100000001
151836400
32964000
20000
30790
110000
100000001
10000001
10000001
1000000001
1000001
1359
836560
2080
10000001
22710000
443872
145
61900
2346
10010000
289600
85700
56200
232
5690000
5690000
66800
19438
15000
706
2751
183
68800
100000001
1000001
49240010000
402000
15610000
10810000
15400
798400
1000000001
29609
3890
6505
41610000
10000001
10000001
17692
367588
378650000
74460
1000000001
10000001
1010000
2446100
269490
56700
497828
3100000000
10000000001
1365
1384000
9010
71
597
8874
1043
8321
19400
28800
12068
7807
766
10270
6338
1330000
96500
1000000001
7120000000
4241
35696
325797174
648810000
976600
10000000001
14290000
2758222000
2511700
7760428
63130
4183120.0000000005
1000001
579470
36818
1077704
24267
385610000
84734
888
684100
642410000
10000001
15932000
3382430
100010000
5565
2782
461396
237720
100000001
80130000
1000001
69640
31000
21436000
164
10000001
10000001
100001
25202
3673
637
7564
157
3090000
5438000
2724000
18844
403
987056
64900
84690
3086320
40624
24101
17000
17140
1361
24000
100001
22423
10316296
233700
68
1412500
4109
1002240
272812
56101
324000
324000
577500
540800
57000010000
100000001
100000000000001
1234000
29030000
14532
16822
1857
785
3132128
46
15000
218
1000001
100000001
20003
10010000
1945900
129410000
62184
143000
53984950000
133010000
120010000
270600
22892
36100
262
2198990
464
49990000
3000000100000000
10000001
107900
10000001
100000001
100001
2392000000
10000001
1000001
10211104000
634000
72400
576700010000
1010000
10000001
239
1010000
103654
130795600
9333
456272
1620
15058220
108800
59400
16082
10000001
397900000
312
50400
15840000010000
1000001
10000001
1000001
1010000
125294500
60882100000000
1470000
100000001
10000001
1628000
10000001
47
2370000
215600
1029
9932154.666666666
1000001
282200
257
975649600
136720
37786
1264
265
4532
180
802
5769
49010000
5319000
152200
396
466010000
841
18734
18734
11100
69084060
10010000
15000
106310392
34864
21100
589
15000
464560
18000
11760
26000
4799
110000
3260
1924000000
8010000
50000
2014010000
154700
40290000
828816
738358
307
3184
20296
62492
2387
251
13281
406400
6262064
1000000001
229500
110000
7865
354200
4808080
19965
545
2219
6780
167000
786
5239382500
424000010000
100000001
348998
544
10010000
102213.33333333333
224608
100000001
22847
56400
7258000
15214
33700
3292
238
957
167386396
11752
133000000
306424
151
1000001
19098
15161
382
25800010000
1000000001
319980
657800
308200
5392000
1396523800
10000001
10000000001
70600
23610000
50400
10000001
10000001
187200
1000001
509
100000000000001
170600
100001
36761176
1000001
4884100000000
20912
183000
196210000
30059544
13754
246
17650000
230
3529
452400
1010000
202200
110000
18200
1545
562000
1000001
4191
1000001
758200
14341
3636000
621410000
16732
307
254713984
226832
403424
117200
7262000
1000000001
6760000
99230000
10000001
10000000000001
220479400
34843708
1201396.2666666666
42300
1413
4050000
40410000
100001
5015
1662000
6054400
17920
304056
1662000
1565000
2436788
434534
404800
7401
149000
696
298
2003
187000000
5248000000
1000001
10010000
1000001
20010000
20000
101
86912
1000001
35652
20863910
584
82810000
100000001
22432393600
3305
11100
11100
17018
17018
320
13001
386
142200
12410000
17601
113018368
737
700272
152912
10000001
519
186
11120600
53780
678
198848
868200
965768
134900
10000000001
230104
149800
2588284.8
15000
10010000
15000
20000
5488000
23610000
490970000
196
10000000000000000
47400
384000
102016300
22400
1010000
32
313910000
1780
198500
34728
9821200
1701
66410000
16411
1194600
4972010000
49730000
507200
29400
4884
600512
23600
16800
1772
137
16525
670240000
1899020
20000
28700
623
19856
99650
825000
4076
126600
5090
5263
382000
100001
100000001
18000
287600
287600
2777
68800
2550
847
1702
24670000
1000000001
402000
345600
574000
245
13693
230400
10000001
21357
27600
3360
1502
966010000
106600
1861400
212492800
2898121.6
344560
2003
13584
435
1000000001
6234000
266000
1920
18090000
2850000
486010000
40410000
30200
105210000
48610000
4860010000
1689600
863
11804
174000
22071
2225
174000
83
489
3912580
1292000
1000001
69554
4542320
104468
181080
1561
66452
10410000
40160
5210000
56609
530000
19854
21440
21467
62000
261
10000001
600160000
180800
12551
1718000
428
1732800
199508
871400
199600
1897
2436658
837148
1151
10000001
1000001
161600
234840
6310
45400
570657.0666666667
478
2908000
2908000
3808000
680800000
292000
28210000
79652
2966
161008
23643
47788
38200
4309
10000001
1000000001
2061
8978
11584
73
4090000
50800
4689760
13021
14488
4460
191050000
1550048
203
100000000001
568000000
512410000
68000000010000
3821600
993400
6228
16967
5411
95340
62810000
14610000
722
37744
13388
155
31016
284010000
114310
13813
102130000
764
883600
106096
2717
2850000
28410000
446224
102
44800
13608
682000
13383
3862
979
55848
4715
385590400
4706224
1218240
6400000000
100001
100000001
2003
144200
100000001
133000000
95008
260558
100000001
100000001
10000000001
100000001
3100000000
100000001
365320000
10000001
2170000
1000000001
100000001
740600
55324000
379000
74
10000010000
14183
1130600
15
51300
6652
404000
704600
87200
12254
387
159100000
1238932
334000
89704
446000
3317800
41200
23180010000
1000001
85000
13230000
1312000
4854904
43700
402010000
13024000
23233
67
40210000
2504764000
402010000
918
412000
741066400000
412000
1310000
18210
120900
11210000
6383
2250000
122000
3083
3889641700
300
17875
26910692
590000
10000001
988000000
82410000
1000001
50900
1000001
1668
76500
2910000
20003
177536
1010000
16000
164500
73400
41700
85800
69400
14083
126410000
4211
6021852
2430
100000000000001
10000001
68010000
15200
552100000000
1000001
703000000
100000001
185170000
6964312000
1029200
18547
168300
100000001
1323312
44100540
1000001
109400
498
11100
9478
156900
8290000
17956
3868
91600
81200
25664
1066
596408
20000
13
1000001
58700
72500
7631
5644000000
155
15478
366200
463800
1000001
2148200
91600
116260
2269456000000
319000
30910000
5486
252
1047800
25500
144
1000001
1000001
8041
29299
40910
75000
110000
1000001
1000001
10000001
6349
10000000000001
5830000
911
8046000
411800
93800
177600
1496000
116410000
100000001
15000
1000001
1000001
100000001
209200
3098000
35868
126000
15800
856800
59
13602000
10000001
184108
46656400000
100000001
299200
10000001
232816
5840
295700
316000
109363600
25300
4328
17728
6510
43000
330010000
2220600
25540
139105000
43000
43000
3683560
43000
10610000
1101200
2192400
10913
88400
11502
3300010000
43000
307990
2967
29250
97500
340000
33010000
229450
10334
33010000
13839805000000
340000
5944
26500
76000
670000
43000
1455532
6266
26500
1000000001
1094
1000001
2223
4050000
936100000000
100000001
100000001
104688
1000000001
153810000
66474
1343000
1000001
15340000
10000001
364010000
3833600
4070000
1000000001
1000000001
658800
24010000
1197360
114170320
193200
351600
516240
779900
179378
1000001
313100
1134200
17700
3056
78
27038000
100000001
1000001
21110
20779
110000
1000000001
77
18544
174
2042
107174
10000001
4050000
28866000
167400
110000
1669
352000000
20994
423400
19930000
213636826000
1661
10010000
146664
950
11100
61
6346
481500
10000000001
347440
100001
1934000
371610000
626440000000
19176
100000001
136000
375940000
16300
2435
16300
197690000
4622000
100000001
1000001
1276000000
100000001
977
580240.0000000001
7760
430000000
1000001
102800
740000
2382500
1214500
1000001
2804013400
193172
519831244
10000001
100000001
104410000
1103102089180
4201
2101
2672
363200
294604
100000001
1010000
442000
180600
877914
24894
218600
1329868000000
100001
100000001
110000
1253
10010000
706000000
1000001
110000
6370000
359610000
16917
2785010000
7403
1000001
10000001
382541.86666666664
35210000
874000
1653
830
100000001
1921558000000
10000001
294000
2083200
38400
22245
13395
4827
1080
463772
16606
219
1000000001
311
1000001
411880000
10000001
93
18784000000000
516100000
566006
169800000000010000
29600
12156
917
11100
12330000
7456
110000
15000
23
81270000
356
13210000
185900
100010000
3832000000000
13850
102199120
99
2607
15000
1010000
27000
38890000
2755000000
2781400
3330
10000001
10000001
273
21572
796810000
255200
1227
6410000
86360
14356
2900800
49600
292
332010000
33210000
147380100
14028000
33210000
689
3330000
251543392
64780
20020
13652
8705
23688
43200
1771
4000
728
613592
26600
10000001
15100000000
22757
778010000
11100
36
231432
7956050
16842
538360
121600
1117
39627
2184
330598
26200
24400000000
163
11782
10010000
1010000
15000
129400
139570000
1853
269908
20000
65848
9482000
4737
1096
27900
119548
5047166200
27900
2623400
1210000
110000
10010000
104000
133420000000
1000001
10000001
10000001
502400
1094805568
29760
256200
256200
64164
645400
17924010000
2344000000
1000000001
100000001
14610000
20299
980600
100000001
5030
6042000
100000001
5328800
84176
11672
325
1000001
7104000
339200
1000001
23900
13282
1693
140
109800
100000001
100000000000001
10000001
8988000
11100
72568
1541
120348592
137
526
4923
2431
3217400
17040
39377440
846810000
1000000001
1362000
1362000
9879600
210288
984
1000001
2656
110000
737
4061420
5395720
44662000000
110000
145010000
348000
29800
110000
15000
15082
33100
30218020
647300
10000001
270700
477
100010000
786800010000
7868010000
3050000
153
104057.6
114400
296
1000001
50730000
110000
40200
855298
312000
570000
281
25100
3030000
25100
86800
86800
12024
28400
185
1066888
236800
25100
25100
1073000
10631
322200
100000001
49050
1000001
549
275
755
100001
9740
1066
427230
1404
386800000
13810000
964010000
100000001
2302000
154452
34700
28468
563344
27800
39050000
364220
27800
36750000
7246
100000001
1470000
352600000
396010000
2678000
1000001
10000001
1000001
100000000001
10000001
100000001
10000001
10000000000001
38512
1000000001
100000001
10000001
430000000
3518320
3100000000
138010000
328
786800
1000001
2215610000
984100000000
100000001
1679
83832
27732
377400
73950000
20212974
100000001
110000
100000000001
10000001
1010000
52570000
20440000000
1000000001
17410000
284200
1372
492
74951800
10010000
603580000
2566
485
10010000
606833450
26816
47000
371
602
110000
148000
13810000
1390000
16900
3053
104240
10000001
816010000
1680800
448300000000
1010000
266200
27
1196000
2743
10000001
10000001
10000001
10000000001
512000
64274
259912
2130000
309
10000001
1890
211200
225140
45
15000
11100
25
13346
443
115000000
110000
100264000
110000
27
20810000
24454
9304000
1000001
1000001
100000000000001
1550000
3320
25400
78
10000000001
2615
10000001
97
10000001
1000001
1000001
1000000001
1352680000
1554000
110000
258930
299080
387410
170600
2003
1000000001
1010000
109
2566885870000
886000
218780
300332440
100000001
14610000
3291925000
24976000
740000
35305500
8761
89200
133235000
1543000
25210000
15000
11
7088
100010000
100000001
10000001
210750
509550000
226810
34502500
1725500
8396
2054000
4050000
1908000
10000001
10000001
355290
170600
10000001
2565000
100000001
10000001
1906
90400
9372
387630010000
304
10000001
14819461.333333334
8031
3353
20450000
17530000
1068500
740000
14610000
10010000
10586
10586
2117010000
10586
219010000
14610000
1470000
10951
10951
16426
4463000
10586
20450000
1616000
23570506.666666668
2263010000
258930
11316
110000
2170070
2884740
43801
1000001
6480074000
11681
1470000
22937320000
880516000
14610000
20000
30200
14610000
167910000
105299800
17520010000
5578000
50617.86666666667
194690
290174050
334138300
170600
12046
1000001
12046
12046
10000000001
6075
641598400
2752200
10000001
10000001
248210000
12411
24830000
100010000
15000
73
49
1010000
740000
170600
2290000000
12776
12776
12776
12776
1287500
355290
941600
20003
141
1141500
14603
13141
13141
13141
13141
2638000
216
27020000
307110
15333
170000
1981000
1470000
270101
13506
1847.2666666666667
27743
100000001
123
441640000
13871
26655000
36510000
202720
776500
1433500
1762000
14236
31456
25696
4918000000
1061200
10221
1470000
40160000
186660
423410000
19711
4098000
676490
339816
133235000
1000001
146010000
26000
242870
168996
291050
1098000
1835000
110000
11316
200744380
126499000
107200
14201200
170600
234884
13146
44892
11100
94370
374600
269507800
100000001
32130000
1000001
3163
12409990000
124344.53333333333
849500
15632
383
1000001
10000001
146010000
73514
2736300
16359760000000
849500
100000001
973600
740000
1689000
7301
2236500
688606799999.9999
124
304
1000001
497
123
74492.48444444443
23600
152800
186660
3587000
414000
688
6290
1000001
266086
2784000
740000
1000001
4463000
341201
395440
11100
266960
170600
740000
7301
10000001
2419000
740000
170600
6827470
42600
117896
13872
167000
1470000
1000001
5047000
1000001
100000001
7301
403470
740000
10001
908000
22
14610000
38700000
740000
17530000
7301
467710
10000000001
9506377.566024689
475740
116902661.33333331
1000001
1652500
2382500
210750
42350000
300396
21171
210750
100000001
1000001
10010000
12010000
43076666.666666664
1470000
10000001
170600
170600
14610000
22266
170600
1654000
133235000
170600
1010000
267546
14601
170600
266460000
10000000001
11298
2277
10000001
1210000
43076666.666666664
20003
479230.07999999996
1000010000
23361
15696
15340000
10000000001
1847.2666666666667
2419000
40817000
10000001
10000000001
226810
10000001
4755000
410400
10010000
24243664
14603
10000000001
15340000
704460000
10000001
20003
1871500
10010000
11364
1412274.554172839
100000001
362800000
1367070
740000
1210000
3997087.8601481477
548010
1000010000
73
11320
740000
10000001
1660000000
24821
1145725000
496410000
100001
271926
102213.33333333333
466168000
10000001
110000
6096899.674074074
13141
15000
564070
1000001
100001
170600
4244000
17156
1908000
202720
14610000
170600
16015.69333333333
304
181771
19406568.769741513
4463000
772850
422810000
14610000
740000
320500000
10221
170600
170600
2638000
1470000
6538390
4083400
345656
51840000
6802000
6802000
194690
170600
19713
10000001
1744480
290792800
355290
10000001
1000001
231670000
16512
11100
30286610
10000001
1000001
100000001
189810000
46410000
218780
498804400
170600
1150260
266960
1470000
210750
102213.33333333333
210750
1470000
210750
182510000
845120
187049.6
10000001
883080
769200
121181
28517960
125053600
1689000
10000001
1000000001
1000001
110000
8396
722600
2003
1689000
408810000
1656
146000010000
10000001
15492618.666666666
1616000
2127000
331200
319020000
178630
100000001
10000001
121
548010
100000001
11681
7666
740000
1000001
10000001
740000
1626220
14610000
1000000001
1214500
110000
110000
11316
170600
4974000
193816
12046
194690
4189825000
14610000
170600
13473146.666666666
3591380
2346000
170600
167452000
4390000
7301
149143600
218780
7301
11681
14610000
6313550
146010000
170600
12046
740000
10000001
105299800
170600
285308
1000001
15412
279200
100131406
100001
162040000
1000001
226810
3514000
10000001
170600
100000001
4506800
414000
170600
14610000
1000000000001
740000
1000001
10000001
16791
10010000
42841.01777777777
886000
3820
65302104
170600
740000
18980000010000
110000
479230.07999999996
1470000
12776
213526
396200
431654.525728395
431654.525728395
10000001
10000001
7903490
740000
16300
170600
170600
1762000
4285
117734200
197183000
2680
109
73
61
548010
886000
4609000
1762000
283020
14610000
307110
218780
51831
1470000
110000
1470000
1900000000
1210000
16000
583000000
10000001
33590000
170600
57680000
3398660
170600
3869010000
55008200
1470000
2003
194690
1600000000
21910000
59363809000
17886
255802000
7301
110410300000
504800
210750
170600
170600
14610000
14610000
202720
170600
16793
170600
10951
7301
2273000
740000
7301
226810
7301
13506
4658
100000001
6728464.000000003
136258
48600
1000000001
1000000001
45410000
11408
17146000
10000000001
5090000
100000001
54814
190290
10000001
262670
15192
1000001
2977600000
15850000
100000001
10000000001
438010000
100000001
10000000001
13734000
9856
10951
11467543126000
10410000
14603
459680
776500
14603
7301
8031
10221
10586
14236
11316
170600
10586
12411
387410
304
13141
5133140
13506
10586
7301
449050000000
10586
7301
168600
431654.525728395
170600
10000000001
28532098900000
12046
280552387.1999999
1470000
170600
304
7301
15696
12411
333246
12411
455568400
7301
1470000
303679000
10000010000
25560000
443620
3728
1010000
15333
170600
1689000
1470000
740000
14610000
14603
14277639520
405
50400
10000001
19406568.769741513
10951
12776
1762000
12046
2492000
7301
12776
12411
7301
170600
11681
12411
1000001
682276000000
100000001
283020
170600
10000001
7301
102213.33333333333
131036
11100
853
110000
7301
10951
3222000
7301
3968854000
12469960000000
2784000
164251
194911
11316
13871
21180000
1470000
10000001
100000001
26100
55024000
22640000
170600
14610000
5923000
170600
110000
2784000
14603
740000
64
144541
14966
7301
13506
12776
16061
13871
7301
7301
1000001
4129390
206400976000000
170600
2054000
1470000
7301
6690960
7301
121
61
7301
12046
1470000
10586
11681
7301
15000
214975000
194690
170600
1470000
246209800
8031
146010000
15000
315140
572100
424140000
347260
7301
7301
15000
7301
7301
14966
10586
15696
16791
10000000001
170600
4370290
2127000
6170000
7609912000000
194690
37970000
9856
210750
7301
202720
50400
7301
740000
7301
7301
7301
12046
7301
7301
7301
7301
110000
170600
12411
7301
11100
7301
7301
7666
1616000
11100
334100
10000001
73206
447624
1000001
4230000
771220000
100000001
358600000
1000000001
46400010000
169003000
100010000
1812600
1000001
2670000
59645689563776.83
718362
130010
100000001
2970000
2690000
21022
10000000000001
126990000
1713
1279800
100000001
110000
1000000001
10000001
15500
236468
105979600
14048
12508
117470
20003
100000001
196801210
273000
19944
10001
10000001
1125136000000
9530000
10000001
244630
18844
6740
37852
9649
8170000
491844
10000001
14642
100000001
8761
9856
20000
10221
20000
15200
110000
20000
110000
669700000000
336800
1010000
10951
10951
100010000
11316
7301
20000
12046
158200
12411
20000
1000001
291050
12776
12776
1324000
13506
13871
647281000
14236
42
20000
15900
15331
355290
16426
10397170
451650
20441
6474816250
164000
26000
66440000
1990000
30000
304
869210
21000
13141
10951
3588460
7301
12411
9856
118
7301
2430000
7301
249
997690
103800
13871
52926
1206470
61321
62416
1399190
1487520
67891
1470000
7301
7301
21536
10951
7301
8441500
17457000
501510010000
8879500
2145980
21904
108406
16087000000
7301
12905
64
740000
12046
13506
4320568000
194690
12046
17521
4727
12776
7301
3222000
153666
12046
1000001
1530317200
54200
646
3770.5999999999995
110000
740000
1847.2666666666667
3617140000
166806
14603
3912580
22996
18980010000
183231
15521
101
76
13871
17156
13871
2033560
580130
7301
17521
16791
415139100
19711
592000
3449
493
469
16793
443620
9575
100000001
1746000
100000001
213526
214621
110000
1010000
40050000
2003
7301
218271
218271
7301
7301
7301
7301
100000000001
16426
13506
14236
1470000
7301
7301
13141
10000001
3100000000
181600
681000
3100000000
7301
11100
781
20000
1600000000
255136
10586
194690
110231
65
7301
8396
19711
7301
519770000
1470000
14600010000
7301
261341
13141
1470000
1697760
12776
7301
790372.0647544381
43000
16793
299080
4354000
7301
16791
277766
100000001
23130
1000010000
363320
757
36989834080000000
796940
110000
113995000
1010000
1010000
32800
851
71000
1010000
10010000
10130878000
1010000
151968400
110000
10010000
534
1526
3217
151
110000
1010000
20000
20000
15000
11100
8847
81700
20358
297
4050
11000
15000
6571
5676
15200
15000
20000
469500
1012
20000
25
11100
1010000
14717
3334
16061
1251000
40
1428
5183010000
18616
2273000
10951
14601
16426
459680
4050000
7247
7301
10951
7666
16426
24821
12046
18485050000
14610000
7301
179946
10010000
1010000
1718600
7666
37
50112010000
10000001
10951
14601
7301
11681
14236
15696
4209690
1000000001
7301
16063
314266
233320000
316091
3840310
130000
5799630
18616
9491
129500
57
7301
16426
7301
616840000
7301
12411
7277150
17521
15331
1000000001
1470000
1470000
6650310000
7301
7301
14966
241
7301
12776
7301
11316
3295000
5390100
7301
10221
10951
1032000
106624750
336531
4891010000
100000001
10000001
337261
548010
71550000
1473130000
14610000
13506
7301
360621
572100
8396
7301
8031
491800
329231
9126
9126
14601
23726
234840
646800
26281
2774
9126
9491
14236
16791
9856
11681
13871
17521
11316
170600
24821
7301
1847.2666666666667
15100000000
10586
740000
7301
86
69
52
10000000000001
12411
13506
7301
13506
14236
17521
1470000
10221
7301
13506
7301
100000001
37678000
146010000
36984500
120010000
2728000000
159880000
257933600
234840
277410000
7301
4536000
146010000
239815000
3514000
3869010000
3942010000
4234010000
7301
13506
9491
3358010000
815347000
239815000
7301
373750000
269657400
1460010000
149222000
106590000
234486000
888697352.4148148
38481000
14610000
1470000
7301
24091
5110010000
13506
170600
177088000
21536
1228069000
1460010000
7301
12046
888697352.4148148
13141
13141
11316
13141
9126
3205246780000
1218000
371434352.64
146010000
245144000
439652500
445310000
197183000
234486000
246750000
297120000
321210000
40050000
261131000
179064400
345329200
211710000
313088750
925124400
4060000000
678180000
4672010000
106590000
146010000
397860000
684750000
204410000
394210000
245144000
1449040000
4307010000
351724000
675460750
2138910000
373040000
154551000
1460010000
207841000
1460010000
106590000
110000
2701010000
552094400
3431010000
3100000000
309092000
430700010000
459910000
319000000
106590000
24830000
316830000
451150000
2905410000
1130176000
927522450
699174800
197323600
160000000
364280000
319000000
684750000
281381200
373750000
2482010000
322148050
419668750
330408000
1211810000
143893000
152419400
581800000
1460010000
1460010000
154551000
100010000
357053000
224120000
10586
21171
146010000
12046
299947000
146010000
15331
16063
33590000
13141
13871
14966
8761
7301
12046
59861
146010000
245144000
175210000
116902661.33333331
139896250
146010000
740000
146010000
7301
38700000
275950000
13141
14966
280581850
28480000
10221
7666
153310000
7301
9856
10221
7301
30302080
452610000
146010000
124090000
33020599.999999996
215632000
7301
277410000
284710000
6920410000
2346000
4025000
1720000
1752010000
18990000
197110000
146010000
15047845000
50380000
3504010000
113189199.99999999
170600
319750000
14600010000
11681
146010000
7301
16800000
16426
35050000
106590000
13871
14610000
2306580
11316
11681
3295000
7301
16426
40410000
4599010000
12411
11681
7301
1470000
100010000
33590000
146010000
29210000
233320000
221200000
146010000
30670000
226310000
167910000
15340000
1470000
13871
1689000
5952200
14610000
11544000
14610000
14610000
7301
7666
10586
14601
13141
331244
7301
8031
8396
12046
20076
13141
11681
33006000
1470000
7301
49775560
18251
12411
7301
11316
46721
3269412711280
35050000
17521
7301
11681
124327600
213170000
270110000
1460010000
612250
1770000
430000000
48190000
237018
170600
146010000
11681
7301
12046
7301
27093000
11681
395440
307110
18616
4901000
7301
1543000
11681
15331
1470000
12046
22266
10586
13141
7666
4177570
1010000
100010000
248210000
572100
231400000
237251
14610000
10586
9491
13141
2930000
10586
12776
10221
2263010000
28480000
12046
14966
8031
10951
74470000
22786000
1470000
10586
43765226.666666664
7301
11316
12046
9491
283020
13871
17886
10221
9856
40410000
304
7301
740000
143400
328510000
17444800000
14610000
124090000
564070
22266
7301
7301
8031
1616000
15331
2528500
7301
7301
15696
9126
7301
186660
307110
20806
13473146.666666666
1000000001
12776
11681
7301
1470000
13141
16061
7301
14601
4670320
849500
50210000
100010000
185519500
17530000
146010000
13296000
47460000
117248000
75401999.99999999
9974500
102213.33333333333
100010000
100010000
154925200
146010000
22631
11316
13141
14610000
2638000
9126
13506
12411
7301
12411
7301
7666
7301
11681
14236
55271000
7301
4216
1470000
20441
11681
3270
10586
7301
170600
1543000
13871
740000
7301
7666
14966
9491
136074016
1367070
225333.3333333333
291050
4453010000
4672010000
170600
11681
188506660
1458676000
10358800000000
112241200
266460000
4440580000
12411
18251
21253000
10586
12776
7301
146010000
7301
134833700
100010000
25
8031
14966
18990000
7301
7301
10951
20076
13
2054000
10586
7301
10221
640809806.5066667
12046
7301
292020001
13141
556040
7301
12411
12776
7301
10951
186138315719500
14610000
146010000
14601
12776
319840000000
5923000
10951
100010000
1696300
7301
1233900
11373
194690
1579500
10000001
8396
21536
8761
7666
83633605600000
7301
7301
41200
14966
7666
8396
8396
349
85
61
